-9.99006089568 -49.9796359484 20.710475397
-9.71382979406 -50.2226115049 20.8392167685
-9.43236659242 -50.4754963418 20.9605063611
-9.13572237312 -50.7149045572 21.0796555491
-8.85945163442 -50.9733385911 21.1522707562
-8.58417182375 -51.2504020723 21.2458936378
-8.30576068046 -51.501305053 21.3391597853
-8.00570766869 -51.7391277837 21.444515255
-7.70406917206 -51.9773468855 21.5206581659
-7.37040388103 -52.1933691991 21.5834037297
-7.07122288594 -52.4636943695 21.6422648555
-6.76470902332 -52.7015171001 21.7443700812
-6.48439529819 -52.9575729067 21.8248334383
-6.17780216134 -53.2017375768 21.925947736
-5.86236994631 -53.4177598905 21.9844521277
-5.54780974798 -53.6504297952 22.0188571493
-5.20304606286 -53.8517863738 21.9902391475
-4.88678146829 -54.0650340888 21.9471535961
-4.54483201881 -54.2533104172 21.9299907223
-4.20157454433 -54.4431722305 21.9455681112
-3.86041783728 -54.6381868696 21.9936875771
-3.53650724192 -54.8462817589 22.0703061334
-3.20384080637 -55.0484310799 22.1762165227
-2.85472100156 -55.2371037795 22.2587806474
-2.53652607916 -55.4555043204 22.3533548199
-2.19488183552 -55.6231693455 22.4667962624
-1.88769810555 -55.8273005226 22.5652152358
-1.54832506899 -56.006460313 22.6581246492
-1.20538072775 -56.1919620429 22.7227727948
-0.873443615235 -56.3873730531 22.7754108925
-0.53845048063 -56.6125119047 22.8152065627
-0.222419745078 -56.8285342184 22.8770801098
0.0809786397678 -57.0893464796 22.9536986662
0.380131888873 -57.3279619526 23.0349944029
0.697601451943 -57.5360568419 23.1613971842
1.02104432927 -57.7326569658 23.2628285789
1.35596611705 -57.9280679762 23.3444414126
1.71581172701 -58.0830491223 23.4219319856
2.07960519429 -58.2546778596 23.4600628967
2.42932351964 -58.4255138544 23.5012855034
2.78906607307 -58.5424433636 23.5294278599
3.14206238837 -58.7069374189 23.5129784543
3.50943905147 -58.8781697849 23.4956966693
3.88097364863 -59.0026303473 23.4891565441
4.26455793081 -59.1330364778 23.4291459418
4.63040856471 -59.24441679 23.4056807657
5.0166326792 -59.3526261324 23.3715135668
5.39374025568 -59.4679701568 23.3555794438
5.77631775496 -59.5860887796 23.3243453918
6.16246259521 -59.7208549937 23.2974714233
6.52014798202 -59.8512611243 23.255693897
6.89356930619 -59.9602632091 23.22053577
7.26952740613 -60.0649052106 23.2281460973
7.64528732048 -60.158448818 23.2047998326
8.01327835895 -60.2722073575 23.1460576181
8.39609368097 -60.3475178888 23.0706678125
8.7876688069 -60.3942896925 23.0383635583
9.1766675199 -60.4386832688 22.9542139488
9.5625349003 -60.4612764283 22.8711741787
9.93464819944 -60.5143901714 22.7507169656
10.3086244433 -60.5801877935 22.6710463509
10.684820366 -60.672145916 22.5840428686
11.0669222198 -60.7284306289 22.4853860726
11.4340412416 -60.8227669787 22.4095206215
11.8147557961 -60.9139323588 22.3221604051
12.2140205237 -60.9967739433 22.2594544785
12.591088463 -61.0701026186 22.1970260117
12.9741416079 -61.1537369455 22.1493821913
13.3571551154 -61.2270656208 22.0765291615
13.7370769275 -61.3110963189 22.0419259542
14.1241334217 -61.4042435551 22.0085118606
14.5208613734 -61.4755903743 21.9414458506
14.9213548517 -61.5580355875 21.9000250584
15.3089266284 -61.6416699145 21.8642327374
15.6957056625 -61.7340244081 21.8104848003
16.0727339648 -61.7970474318 21.7272468445
16.4639919937 -61.8513502886 21.6663642255
16.8551311113 -61.8810781299 21.5880412729
17.2362024 -61.9052567742 21.4763438638
17.6240516364 -61.9092204864 21.3770132367
18.0180446268 -61.9219043653 21.2690813541
18.3954296631 -61.9353809867 21.1523103933
18.7735678048 -61.9171479108 21.0374816515
19.1398940841 -61.8695833646 20.9144480256
19.4874323678 -61.782778068 20.783090604
19.8365561363 -61.726493355 20.6298138542
20.1956288223 -61.6420662857 20.4818881158
20.5446733166 -61.5849888303 20.3302364879
20.9050540278 -61.5501081631 20.197135033
21.2708253874 -61.537027913 20.0358912216
21.6352490849 -61.4985799048 19.9040977918
22.0068867386 -61.4617173816 19.7559342306
22.3705176937 -61.4304040554 19.5984163087
22.7214647698 -61.3963161307 19.4229824077
23.0856110074 -61.3812540245 19.2725595307
23.4576053952 -61.3467697285 19.121621371
23.8177879207 -61.3178346297 18.9608928423
24.1778118977 -61.3091144629 18.7996490309
24.561340688 -61.3031688945 18.6573121266
24.9420948796 -61.3118890614 18.5429193933
25.3235229023 -61.325762054 18.4006617632
25.7094299199 -61.2972233263 18.288290523
26.0989835526 -61.2587753182 18.1898319125
26.4865156921 -61.2452986967 18.0720700238
26.8518510435 -61.2048688326 17.9623941078
27.2178602258 -61.1898067263 17.8382110053
27.6011115562 -61.1751409913 17.719616737
27.9744932433 -61.1628534835 17.5839388692
28.3462101711 -61.172762764 17.4364491391
28.7199089552 -61.1497732333 17.2764340786
29.086393783 -61.1133070814 17.1266850326
29.4511742146 -61.0883356946 16.9738839281
29.8064813741 -61.068913505 16.8134724964
30.1867995575 -61.0102505647 16.7092665032
30.5590317679 -60.9500021396 16.5815160598
30.9151316699 -60.8505129639 16.450753195
31.278128431 -60.7803552585 16.3316436441
31.6345850671 -60.6832443102 16.2071830818
31.9818062538 -60.5393615582 16.0727736019
32.3178894092 -60.4271885035 15.9271071794
32.6724831005 -60.3344376386 15.7848099123
33.0429316406 -60.2198863567 15.6754907305
33.3980406144 -60.1378375147 15.528238823
33.753030677 -60.0482576194 15.388240509
34.1110331608 -59.9444083604 15.273015396
34.4847319448 -59.8278752224 15.1839507834
34.8312396633 -59.6895416675 15.0753450697
35.1923338425 -59.5646847339 14.9301542927
35.5194193713 -59.4235765804 14.761300154
35.839608041 -59.3082325561 14.5828141947
36.159915622 -59.1639534328 14.4113440059
36.4777260643 -59.005801317 14.2383676065
36.7924844483 -58.84725283 14.0704647587
37.1003063359 -58.6776059488 13.8900762176
37.3948894248 -58.5150937495 13.6978758142
37.6953784449 -58.3327629895 13.5013153273
38.0127528789 -58.1595487673 13.3098283921
38.3271545288 -57.9776143784 13.1503286141
38.6230456428 -57.8170840353 12.9402915059
38.9297973282 -57.6521936087 12.747615457
39.2662372177 -57.5091035991 12.6290608257
39.5838098373 -57.3390603468 12.4611183408
39.8852501482 -57.1606932988 12.2865960937
40.2023471224 -56.9474455837 12.1647515814
40.5000219069 -56.7195321336 12.0291529878
40.8123624264 -56.5138154716 11.9048906111
41.1461069917 -56.3326738251 11.7873269079
41.4402144351 -56.112291428 11.6605277554
41.762067864 -55.9030074252 11.5265542838
42.0748047547 -55.686192369 11.3863974212
42.3597956601 -55.4578825478 11.2366483753
42.6321026867 -55.1970702865 11.099543571
42.8956895464 -54.9465636769 10.9499134364
43.1687893154 -54.6849586733 10.8185163777
43.4323761751 -54.4126516467 10.6657945476
43.6951702925 -54.1514430143 10.4807684631
43.9643063492 -53.9060892306 10.3320896194
44.227893209 -53.6349713177 10.2314906043
44.4898945839 -53.3507731546 10.1232416248
44.7705254059 -53.089168151 10.0203832938
45.0432288037 -52.8235994352 9.93048630165
45.3337689063 -52.5964787275 9.8032907779
45.639371115 -52.3630160802 9.68826385054
45.919605566 -52.1438227969 9.5565496949
46.2137130095 -51.9147202331 9.41139855501
46.473336157 -51.636071267 9.28432194263
46.7527778654 -51.3530622176 9.18479312986
47.0274631193 -51.1037447217 9.08459048605
47.2965991761 -50.8766240141 8.95929754414
47.598634044 -50.6574307306 8.84268513191
47.8542934794 -50.4089059771 8.69682052381
48.1004400055 -50.1603812237 8.52495396383
48.3430191907 -49.8872814547 8.36838733286
48.5800491789 -49.6185417692 8.23377966733
48.81152997 -49.3276052954 8.06980089459
49.0426143899 -49.0287413973 7.91022184235
49.2598258172 -48.7481105752 7.72725688829
49.4956666917 -48.44369748 7.56926332092
49.721994657 -48.1872453022 7.37460541594
49.9621956149 -47.917316503 7.22921645329
50.2020002015 -47.6422348779 7.07471095265
50.4402193034 -47.3576403437 6.9360206636
50.6816093749 -47.0722530669 6.80383086251
50.9071445978 -46.7821093356 6.68226381005
51.1596330635 -46.486020036 6.57659124342
51.4014195061 -46.1931017061 6.49478022409
51.6313148125 -45.9120745128 6.35046146375
51.8663629445 -45.6298582058 6.22390013394
52.0732687201 -45.3302015653 6.09258234954
52.2754180411 -45.0376796067 5.92012123274
52.4712254227 -44.7550669285 5.73311329224
52.6694110314 -44.4680941669 5.54646208585
52.8660111554 -44.1850851175 5.3285768275
53.0431890898 -43.8961304998 5.11850008214
53.2263125923 -43.5921137758 4.93394964319
53.4050760114 -43.2789805139 4.76977268483
53.5893886277 -42.9725855626 4.59307039601
53.7475407435 -42.6828382026 4.37352037854
53.9219440793 -42.4121166609 4.17446275303
54.0923837029 -42.1037398535 3.99926667483
54.2576705007 -41.7866428794 3.83860949288
54.4142371316 -41.4501237156 3.7044695454
54.5735783611 -41.1183610064 3.57040887217
54.7265776511 -40.7604377969 3.43096151408
54.8367688496 -40.4132166103 3.29121291387
54.9905608821 -40.066788166 3.13874079758
55.1491093692 -39.7255125476 2.98525397096
55.2842719544 -39.3928381846 2.83065334122
55.414678085 -39.0487086934 2.67575146936
55.565695519 -38.7001002075 2.53779446705
55.7428734532 -38.3918819486 2.38926624438
55.9097457358 -38.0680863009 2.22675008143
56.0789962458 -37.7373145198 2.07789683434
56.2446794148 -37.4162934706 1.94501734734
56.3988678185 -37.0584098982 1.83533746769
56.5693074421 -36.723714042 1.72128561353
56.7104155956 -36.3734804341 1.6111538707
56.8729277948 -36.0299058626 1.52098338239
57.0520875851 -35.6809406425 1.42992898627
57.1741699202 -35.335067118 1.27086918034
57.292288543 -34.9725460024 1.12406120874
57.4040652265 -34.6105005321 0.987911659182
57.5253548191 -34.2708896729 0.82262486142
57.608989146 -33.9533170533 0.624756349564
57.7025327533 -33.6165600667 0.434074047884
57.8115348382 -33.2828947757 0.239321013799
57.9352026582 -32.9559281583 0.0407548886
58.0767071828 -32.6185369778 -0.115268713808
58.2150407378 -32.2734958329 -0.262536476018
58.3395013001 -31.934360619 -0.445818527063
58.4187755436 -31.5679154283 -0.597315570163
58.5309485982 -31.2363112676 -0.763074049676
58.6391579407 -30.8846903604 -0.893836914384
58.7560874499 -30.5368746168 -1.01409594182
58.8571621104 -30.1831529423 -1.14723307012
58.9404000661 -29.817500494 -1.2956304903
59.058518689 -29.4575954283 -1.44523684269
59.1698990012 -29.1010991552 -1.57058527657
59.2610643811 -28.7409562668 -1.73471070667
59.3514370188 -28.3980555264 -1.88396825239
59.4441878837 -28.046672442 -2.00497642142
59.5555681959 -27.7027411364 -2.16497959087
59.6526791443 -27.3454521208 -2.30883063317
59.7533574335 -26.9856263294 -2.47080376756
59.8239115102 -26.6271482001 -2.64399420741
59.8885200188 -26.263834342 -2.79588762172
59.9626414364 -25.8957243922 -2.94095552368
60.020115263 -25.5375237227 -3.08231735474
60.0978040216 -25.1792834163 -3.21218045678
60.1382338858 -24.808438505 -3.33638734155
60.1873839169 -24.4465912204 -3.50366788654
60.2460468571 -24.0858934123 -3.63421274707
60.311448108 -23.707200351 -3.75139197015
60.3605981389 -23.3308855169 -3.92078517373
60.3760566165 -22.9517564473 -4.05321279755
60.4137118821 -22.582536658 -4.20177272993
60.4168828518 -22.2334128895 -4.35726915861
60.4275848747 -21.8723979845 -4.52176321395
60.4537453751 -21.5151486059 -4.69299557998
60.4945716105 -21.1623385851 -4.86739891574
60.5207321109 -20.7823771359 -5.01476973447
60.5579910054 -20.4228684414 -5.18794431947
60.6134829759 -20.0692656782 -5.35382567406
60.6551019537 -19.7053969004 -5.53413494098
60.7101975529 -19.3401408233 -5.67211176184
60.7288270002 -18.9958527836 -5.84524670972
60.7117830378 -18.6574706752 -6.03550489419
60.7050447271 -18.3111215051 -6.20820383373
60.7181249773 -17.951057891 -6.3669505064
60.7434927352 -17.5854450798 -6.53814323531
60.755780243 -17.2513041434 -6.73303896303
60.7910572813 -16.9231484123 -6.94509756448
60.8092903574 -16.5975690941 -7.13012364889
60.8421891685 -16.2437681451 -7.31526864466
60.8794480629 -15.8851711046 -7.48055544241
60.9056085632 -15.5198357532 -7.63973812342
60.9238416392 -15.1582262914 -7.81751061455
60.957929564 -14.7848842415 -7.97792204633
60.9733880415 -14.4147924355 -8.12905839163
60.9737844127 -14.0347913492 -8.25296403427
60.9813154659 -13.6680686986 -8.37924790421
60.9111577603 -13.3191034785 -8.54909297099
60.8390181987 -12.9591984129 -8.6944422965
60.7866971979 -12.5758281712 -8.81656426866
60.7224850607 -12.2171518563 -8.95981282672
60.672145916 -11.8484473497 -9.10543961209
60.630130567 -11.4693975542 -9.26466193023
60.5770168238 -11.0832130769 -9.40196492002
60.5187502548 -10.7156580467 -9.54461892129
60.4259993899 -10.3642749623 -9.6976974855
60.4014243744 -9.98276766527 -9.82802434189
60.3835876696 -9.60086399704 -9.9265225895
60.3621836239 -9.22252766979 -10.0426989934
60.3344376386 -8.83285512571 -10.1456762357
60.3031243124 -8.45638174318 -10.2706917178
60.2745855847 -8.08688449407 -10.3914263907
60.2083915914 -7.72222297382 -10.5353487798
60.1310992039 -7.34531358295 -10.6544979679
60.0470685058 -6.97343810654 -10.749587423
59.9535248984 -6.61048098253 -10.9096817578
59.8342171619 -6.27269343083 -11.066327663
59.6800287583 -5.92681990631 -11.202718999
59.5115709908 -5.59073675085 -11.319569234
59.3890922845 -5.23324954965 -11.4014198904
59.2317329111 -4.87227428172 -11.4786330036
59.073184424 -4.53468491565 -11.5881900082
58.9233561038 -4.18556114713 -11.7101930689
58.772735041 -3.83859363804 -11.8571675164
58.607051872 -3.49606945029 -11.9977603873
58.4619800064 -3.16502020931 -12.147707619
58.3069988603 -2.85270347206 -12.277915564
58.1409193201 -2.50853038006 -12.4141879886
58.0263680381 -2.16619248678 -12.5652846968
57.9141949836 -1.81989484506 -12.7277968961
57.7952836182 -1.49485855544 -12.9296687572
57.6732012832 -1.15196970617 -13.1126337112
57.4991943187 -0.844873177868 -13.2764935727
57.3604643925 -0.516903741239 -13.4396003288
57.2292655194 -0.187257654359 -13.6097228553
57.09925576 0.138476248602 -13.8058473338
56.9732097128 0.448589161875 -14.0026456434
56.8622257719 0.790970655975 -14.2140304138
56.6937680044 1.09730218784 -14.426683572
56.5597945328 1.39971757206 -14.6742570346
56.4119480686 1.68492251802 -14.9058963742
56.2581560361 1.98999755312 -15.0972643981
56.0821672156 2.28866326562 -15.278564593
55.8689195005 2.57099055653 -15.4467449007
55.6338713684 2.87793250007 -15.557847753
55.4119034865 3.20529548873 -15.619047469
55.199844885 3.52737088536 -15.7064076854
54.9762915182 3.82763793758 -15.8118027922
54.7436216135 4.11040916426 -15.9423674712
54.5002496859 4.40467515625 -16.0365056354
54.2866055996 4.71233849539 -16.1617193032
54.1074458092 5.04390301897 -16.2768255047
53.9203585944 5.36583572195 -16.3849555729
53.7875742365 5.72768300655 -16.516154446
53.6662846439 6.08802408053 -16.6468776736
53.5267619753 6.42628727768 -16.7741921086
53.3967522159 6.77592632878 -16.8952042414
53.2441492971 7.11771722977 -17.035361104
53.0752951584 7.44531804116 -17.1858236182
52.9250704669 7.78905116112 -17.3070339365
52.8045736167 8.15351449576 -17.4417208763
52.6420614174 8.49502793689 -17.5343528299
52.4486322632 8.81953705279 -17.63336636
52.2437083438 9.13766459209 -17.7145035483
52.0284787726 9.45813072157 -17.8001990056
51.7858995874 9.76829119939 -17.8789579665
51.5433204021 10.0707620756 -17.9570034593
51.2801299135 10.3693088768 -18.0166176904
51.0102011143 10.6631784975 -18.0426989166
50.7517670804 10.9600605395 -18.0742500655
50.5079987816 11.2781880788 -18.0925624158
50.2626449979 11.5816102459 -18.1423466406
50.0331460629 11.8896699563 -18.185749289
49.7802612259 12.2028428554 -18.1966098604
49.5111251691 12.494690983 -18.2089766424
49.2725096962 12.8060802115 -18.2366037162
49.0255704276 13.1253572273 -18.2578888506
48.775063818 13.4330205665 -18.2827016888
48.5213862386 13.731369182 -18.3142924748
48.263348576 14.0264675536 -18.348182214
47.9835104963 14.2932650202 -18.404506564
47.7040687879 14.585192422 -18.4669350308
47.4214561097 14.8562706978 -18.4925802486
47.1257631813 15.1263184083 -18.5242503089
46.8657436625 15.4182458102 -18.5334461211
46.5934366359 15.7017701421 -18.5253997854
46.3124094427 15.9817667703 -18.5388367697
46.0163201431 16.2490002453 -18.5516791971
45.7218163283 16.5045407693 -18.5548105298
45.3987737859 16.7393114415 -18.5709032012
45.0919824635 16.9889856715 -18.6089944752
44.7733000045 17.2200304543 -18.6164858912
44.4486719772 17.4594386697 -18.6391186877
44.1335568592 17.6919103889 -18.6148211321
43.8097215744 17.913917908 -18.6237791216
43.4950028275 18.1615310076 -18.5930603522
43.1715639139 18.3919019593 -18.5392331409
42.8608088793 18.6358288067 -18.4974159774
42.5389554505 18.8642575394 -18.4735544301
42.2254258174 19.102714464 -18.3907524827
41.9011941614 19.3246427087 -18.3528990315
41.5682423385 19.5458971224 -18.3294338554
41.2455961673 19.7828478363 -18.2661333719
40.9483177541 20.0615364395 -18.2276457267
40.6419228028 20.3095855474 -18.1596680629
40.3501935866 20.5742426095 -18.0930380611
40.0584643704 20.8224899031 -18.0300150376
39.7548440177 21.1012974176 -17.9876429544
39.4619256878 21.352081487 -17.9566863623
39.1795904695 21.6027466451 -17.9378190923
38.8886143586 21.8637967291 -17.8837936954
38.6072700683 22.1313473009 -17.8215634142
38.3619955588 22.4208964754 -17.7402676774
38.100985112 22.7096925446 -17.6621032733
37.8310563128 22.9833472333 -17.5744655971
37.5562917847 23.2536724037 -17.4946364339
37.267337167 23.4998982041 -17.4345861944
36.9667292355 23.7650309117 -17.3486132772
36.6801924823 24.0135953022 -17.2587559222
36.3984121836 24.2569275927 -17.1446406487
36.0759245609 24.4639919169 -17.0396815502
35.7312005129 24.6395447291 -16.9240997032
35.3864368278 24.7906018003 -16.7974590992
35.0520184315 24.9174009528 -16.6616226829
34.7053125274 25.054505757 -16.5351406273
34.3697050175 25.2108742023 -16.4112746218
34.02125508 25.3483753777 -16.2556196446
33.6770463145 25.4865900213 -16.109913585
33.3375147296 25.6176303459 -15.9602041761
32.9995289922 25.7474815568 -15.7932526191
32.6983661411 25.9150276705 -15.6106443992
32.3737381138 26.0826926956 -15.4527697433
32.0449878259 26.2396160607 -15.3057556585
31.7223020175 26.3994329356 -15.124891472
31.407345448 26.5878678124 -15.0082790597
31.1066582423 26.7822878947 -14.8330433445
30.8035531721 26.9947825045 -14.677982924
30.4851878101 27.1931266618 -14.5043723308
30.1543763919 27.3560748694 -14.370042125
29.8340291737 27.5139495254 -14.1837872899
29.5220850255 27.7189130821 -14.0234947695
29.2402254526 27.932755354 -13.8618545869
28.8997425766 28.1320111651 -13.7161088902
28.5840329017 28.3026886115 -13.5694911767
28.253062935 28.4868426792 -13.4199403163
27.960104968 28.6695301734 -13.2441100441
27.6646894995 28.8368384644 -13.0666546501
27.3574225316 28.9919385218 -12.8647431517
27.062958354 29.1601981037 -12.6754362582
26.7731317196 29.333451963 -12.4696799591
26.4821556087 29.52973499 -12.2849709717
26.1908227637 29.7082209492 -12.07869939
25.9137989197 29.8983602224 -11.8585548157
25.6248046649 30.0797000545 -11.6347239891
25.3291117366 30.2449472151 -11.4225464763
25.0482034546 30.4011967491 -11.1889649177
24.7783935667 30.6063584914 -10.9477730318
24.5289175223 30.773230774 -10.6895371834
24.2966439888 30.962696216 -10.4391891224
24.067224328 31.117954822 -10.150630876
23.858891616 31.3275162847 -9.88300102976
23.6400947039 31.5306168967 -9.62321933373
23.3936310807 31.6792957405 -9.3600288452
23.1583054888 31.8411737457 -9.09045678007
22.8720858325 32.0034084851 -8.86115603064
22.6038614295 32.1439617189 -8.61798228861
22.3423357001 32.3029858514 -8.3792082671
22.0667387924 32.4388619049 -8.13833347812
21.7944317659 32.5490134663 -7.85635499387
21.5502670959 32.677834112 -7.55951258898
21.3233445737 32.7963887432 -7.26025231964
21.0777926044 32.9298469321 -6.98679581658
20.8260176069 33.0506608793 -6.70358858156
20.5989365363 33.1686209536 -6.39953222049
20.373242765 33.3193212906 -6.11041905433
20.1498083096 33.4370831794 -5.81139660773
19.9118270305 33.5655074539 -5.51768553544
19.6852612425 33.6848944647 -5.21354990013
19.4382426997 33.7937776382 -4.91658858386
19.182821087 33.9274736499 -4.61102601217
18.9578407838 34.048287597 -4.30803985339
18.6983761848 34.141712293 -4.02039326073
18.4347100508 34.2396159838 -3.73484743552
18.1566952787 34.3566247672 -3.46809356976
17.9255315846 34.5188991437 -3.20829998256
17.6808119948 34.6824419081 -2.94905735136
17.4618961713 34.8714317048 -2.68158605369
17.2585180995 35.0794869569 -2.42711969566
17.0554174875 35.3131477897 -2.18689891919
16.8477586066 35.5496228582 -1.93649140244
16.6538934441 35.7952937388 -1.68957987982
16.4796486568 36.0367234475 -1.44917280889
16.3038580218 36.2700275463 -1.16768582496
16.1113801585 36.4813330424 -0.887930983244
15.953346954 36.6714723155 -0.578824852862
15.7657444567 36.8330728609 -0.270115093699
15.5767942972 37.0229346742 0.032189306586
15.3682237625 37.2044330547 0.301079613222
15.1488322936 37.3940570453 0.571876465415
14.9350296587 37.5847512381 0.848844817468
14.7428292553 37.7566970723 1.16812183329
14.5859455273 37.9395034779 1.47456038538
14.4232351425 38.113668991 1.78466537123
14.2677387137 38.2793917971 2.10498880707
14.1071290964 38.4819771264 2.40891040192
13.9377993122 38.6707687374 2.71421533232
13.7528525021 38.8738693493 3.00508838669
13.5997343007 39.0632555171 3.30993352648
13.4345267772 39.2310790906 3.64103033202
13.2724505862 39.3874871731 3.97362145705
13.0827473215 39.4990260338 4.30312485029
12.8998616417 39.6152024377 4.62914017681
12.6759515407 39.7358181992 4.93462347426
12.4422510709 39.857504163 5.24858911577
12.1837377627 39.9990086878 5.51641714755
11.9425458767 40.1599354021 5.79954510832
11.6841514799 40.3601028671 6.04311522157
11.404234126 40.551153794 6.25806733291
11.1208683426 40.7235752736 6.4867735255
10.8766640353 40.909869746 6.7462777617
10.6259988772 41.1195501201 6.97090133075
10.4073605136 41.3284377518 7.21649293721
10.1787732324 41.5408927245 7.46806974906
9.96635789687 41.7664279473 7.7167134139
9.72318415482 41.9610462152 7.97360160006
9.50490252525 42.1976798322 8.2045671086
9.3054088914 42.4398626461 8.43759374746
9.12727966619 42.6546958461 8.71315101797
8.94859552127 42.9079770542 8.94815951292
8.7370522024 43.1561054364 9.19684281488
8.53799457689 43.3768842047 9.45448410637
8.33790638621 43.596077488 9.71771423201
8.13492468565 43.8263691655 9.96473277486
7.94193153978 44.0503189034 10.2276458035
7.7378399998 44.2798178385 10.4812044714
7.56411049509 44.5168478267 10.741818547
7.35153661107 44.7296991705 10.9799980118
7.10428024549 44.9576126207 11.2135002961
6.87731808626 45.1843369572 11.4313459174
6.62946716385 45.4027374981 11.6381327816
6.39533068558 45.6266872361 11.8628356248
6.14541863285 45.8478623756 12.0697810376
5.8960218627 46.0765685681 12.2829494784
5.65863514044 46.3084457305 12.472573469
5.42168442653 46.526053529 12.6962457471
5.1903621839 46.7325629334 12.9472280022
4.9445327547 46.9446215349 13.1554021656
4.68043061237 47.1685712728 13.3507339018
4.42076782769 47.4044121473 13.5309242572
4.13684712448 47.6212272034 13.7047726733
3.83931899736 47.8324930624 13.8906311373
3.55124036008 48.0552536867 14.065034473
3.25957456327 48.2617630911 14.213792591
2.94254100854 48.4480575634 14.3580717143
2.63492919765 48.6708181877 14.4888742161
2.3406077137 48.8618691147 14.6595912995
2.05032525244 49.0862152239 14.8114014759
1.79120946003 49.3367218334 14.9682059297
1.53327089014 49.618145398 15.1002768194
1.28297832103 49.8777685455 15.249906954
1.03972926847 50.1389771779 15.4241913785
0.823726773408 50.4156442879 15.5973263263
0.590997412957 50.6669436399 15.8198491279
0.332618871012 50.9051627417 16.0245352247
0.0699278102198 51.1513092678 16.1930722664
-0.186928666249 51.4105360442 16.3569717649
-0.458934450655 51.6475660323 16.5012905253
-0.732430590843 51.9337460515 16.5929711879
-1.02537270296 52.194954684 16.6719283345
-1.3036371889 52.4672617105 16.6649125639
-1.56869062215 52.7526489872 16.6697482928
-1.86917567854 53.032883438 16.663604539
-2.1654155992 53.3123251465 16.673394908
-2.46337973465 53.5675882107 16.6533781615
-2.7810038825 53.8093746534 16.6325290354
-3.09311450671 54.0491792401 16.5820313423
-3.39555367321 54.2992894785 16.5410861956
-3.70660994998 54.538697694 16.4860698705
-4.02063108346 54.780880508 16.4677971574
-4.30494815789 55.0409000267 16.4292698751
-4.6139987963 55.3084505986 16.4216991848
-4.93537657958 55.549444299 16.4275258417
-5.23919511792 55.8058964768 16.4527746882
-5.54087325168 56.0508538894 16.4663305839
-5.84996352721 56.2962076731 16.4715626839
-6.15473335646 56.5431469417 16.4664098582
-6.45117939015 56.8055446878 16.4415573828
-6.71052507787 57.0996521313 16.4020391724
-6.97339846942 57.3822648095 16.336836107
-7.27190563344 57.6458516692 16.317612103
-7.58321558779 57.8943764227 16.2989430187
-7.92080495387 58.1032640543 16.260296825
-8.28249368999 58.288369413 16.2591473484
-8.64457879732 58.46316912 16.2689377175
-9.0091214062 58.6256813193 16.2364749148
-9.35935501413 58.8123721628 16.174680642
-9.70582309548 59.0034230897 16.1422574764
-10.0668380005 59.1845647362 16.144437518
-10.4001465575 59.3708592084 16.2020698931
-10.7488343177 59.5496226276 16.2078172757
-11.0942321967 59.7581138881 16.2018320704
-11.441651569 59.9681906334 16.1921209755
-11.8126550287 60.1001822489 16.1719853176
-12.1756517899 60.2527851678 16.1317932762
-12.5403925844 60.375263874 16.0841098187
-12.8972852288 60.5104264592 16.0089181987
-13.277603412 60.6519309839 15.9295646809
-13.6367950095 60.8195960091 15.8403018827
-13.9843332931 60.9654606171 15.7194086613
-14.3413448489 61.0768409293 15.6110804076
-14.6842455893 61.2005087492 15.4622033782
-15.0337260919 61.3110963189 15.3098382822
-15.3838011513 61.3871995927 15.1735262203
-15.7242047531 61.4886706245 15.0175541462
-16.0830396164 61.5235512915 14.8454894006
-16.4450454495 61.5382170267 14.6643873913
-16.7886596581 61.5845924591 14.4964449064
-17.1350484652 61.6468227403 14.3287402441
-17.5007009135 61.7106385063 14.1869978968
-17.8480806487 61.7934800908 14.0093839541
-18.2002961127 61.830342614 13.8416000176
-18.5382025757 61.8616559403 13.6728647903
-18.8983454641 61.875925304 13.4868081408
-19.2511554849 61.8858345845 13.2992452806
-19.5975046549 61.9119950848 13.1267445266
-19.9375118855 61.9801709343 12.9568201856
-20.2854069032 62.0408157306 12.7413527917
-20.6386529323 62.0963077011 12.5768983735
-20.9907891221 62.1656726642 12.399641165
-21.3438766028 62.2156154376 12.2530234515
-21.6890762963 62.3051953328 12.0769949937
-22.0078380295 62.4367905771 11.903542949
-22.3414240463 62.542225321 11.6958047937
-22.6672411872 62.6345798146 11.5008694289
-23.0006290184 62.7451673844 11.3154469733
-23.3417857255 62.824441628 11.1108401507
-23.6684352459 62.9231380611 10.9219296284
-24.0053111438 62.9996377061 10.7223963575
-24.3615299571 63.028572805 10.5378855556
-24.7053819885 63.0864430028 10.3746202511
-25.0485601887 63.0975413969 10.1622841897
-25.3522994527 63.0682099268 9.92105266666
-25.6526299244 63.0028086759 9.67756182767
-25.9674279454 62.9314618567 9.45543539728
-26.2539250616 62.8704206892 9.1915710777
-26.561984772 62.7832190213 8.93476216577
-26.8593424594 62.6892790427 8.69357027982
-27.1331953337 62.5426216922 8.45955271292
-27.4159269233 62.3987389402 8.21966885199
-27.6951704461 62.245343279 7.98287668656
-27.9673585613 62.0879839056 7.75452722806
-28.2355829643 61.9056531454 7.52804071429
-28.518037094 61.7245114989 7.30504226723
-28.7644214429 61.5413879963 7.06270090476
-29.0087842986 61.3435987587 6.83280559852
-29.2695965598 61.1644389684 6.60802348098
-29.5302502725 61.0027195115 6.38581777636
-29.7809154305 60.8259379485 6.13412205315
-30.0375261568 60.6400398474 5.89451565207
-30.2726535632 60.4787167618 5.63374302798
-30.5113483104 60.3253211006 5.3702750796
-30.785597556 60.1758891515 5.13697098087
-31.0301585973 59.9987112173 4.87330484689
-31.2549010777 59.8338207907 4.58918595807
-31.4909797749 59.6586247125 4.30922896704
-31.70684354 59.5214802712 4.01686555689
-31.9432789714 59.3978124513 3.72388380765
-32.1868887218 59.2709736616 3.46104212579
-32.4080242241 59.1318473642 3.16031528295
-32.6496521184 58.9677496801 2.88538824267
-32.8981768718 58.7996882839 2.63024805358
-33.127715444 58.6181502661 2.36884916295
-33.3415577159 58.4298739378 2.09570182944
-33.5752185488 58.2412012381 1.84223432688
-33.801546514 58.056888622 1.56407289747
-34.0255358891 57.8745578618 1.29362088823
-34.2227305699 57.6866779046 0.997484024091
-34.4426373215 57.5055362582 0.726088651358
-34.6929061083 57.3402494604 0.458989942627
-34.9497942945 57.1658461246 0.221527909838
-35.2225769664 56.9395181594 0.0098418973345
-35.4694369608 56.6965426029 -0.199033843236
-35.6863312911 56.4603053572 -0.424648340328
-35.8637470482 56.1943402701 -0.674461300258
-36.0716437518 55.9129167056 -0.874557418359
-36.2649936318 55.6227729742 -1.0615177943
-36.4355125296 55.3358002127 -1.25105458317
-36.6105500594 55.052394792 -1.46169417565
-36.7650951971 54.7531345227 -1.64558267466
-36.8922510837 54.4487214275 -1.85269852703
-37.0237274166 54.1494611582 -2.05920793143
-37.1650337558 53.8620920254 -2.29938510706
-37.2910401658 53.5711555517 -2.52151153743
-37.4098722569 53.2929029568 -2.75781220255
-37.5000467089 52.9686713008 -2.96857070641
-37.5727808274 52.6579162661 -3.18556412951
-37.6438898238 52.3344773526 -3.39406728114
-37.6947046139 51.9868597947 -3.5979249621
-37.7514649723 51.6388458655 -3.76014781035
-37.8387459144 51.3051013003 -3.95270494788
-37.9683196654 50.9836442428 -4.15626931414
-38.0686808578 50.6713037233 -4.37316364444
-38.1739174161 50.350243037 -4.60523899238
-38.2825627668 50.0600993056 -4.83818635701
-38.3951718297 49.7751084002 -5.10014809476
-38.4991796372 49.4849646688 -5.35592644152
-38.6242743935 49.2269270061 -5.61864128458
-38.7234861093 48.9506562674 -5.87283414647
-38.7951500255 48.6260282401 -6.10776336717
-38.8481448573 48.3287498269 -6.33520117187
-38.9193727651 48.0302823 -6.56755397966
-39.0028881807 47.7036724166 -6.77592632878
-39.0780401635 47.3762697909 -6.97105987923
-39.1621501359 47.0686857259 -7.19790312711
-39.2225174724 46.7293919637 -7.39581127608
-39.2600141895 46.3869272316 -7.59978390469
-39.3178051131 46.0484262117 -7.79289596194
-39.3427764998 45.6885211461 -7.96381123099
-39.3491184393 45.3305979365 -8.09005546381
-39.3595430023 44.9683146436 -8.2277151877
-39.3495544477 44.588591017 -8.35649619633
-39.3149512403 44.2179839285 -8.46537936982
-39.2991360287 43.8449986127 -8.57128975918
-39.2415036536 43.4541765921 -8.63030943348
-39.1828407135 43.060579973 -8.69333245709
-39.122116643 42.6828382025 -8.74640656314
-39.0897331144 42.292016182 -8.77863154313
-38.9827921599 41.9111034418 -8.81454277545
-38.874424269 41.5424782093 -8.88323390747
-38.7859542132 41.157601757 -8.98272308311
-38.7100887622 40.7937329792 -9.10516215224
-38.6291497596 40.4163875799 -9.2094474196
-38.5314442544 40.0453841203 -9.3152388976
-38.4370286303 39.6838935697 -9.40787085117
-38.3377376403 39.2991360287 -9.47557105515
-38.257551743 38.9169945378 -9.54434146141
-38.1670998311 38.5613702813 -9.67078387985
-38.0913136543 38.1864823837 -9.75318945597
-38.003953438 37.8034292389 -9.80214130137
-37.9424366249 37.4220408532 -9.88018679413
-37.8568997161 37.0354996418 -9.95557659971
-37.7606211474 36.6540319819 -9.99814686848
-37.6807523471 36.2593255234 -10.0558188807
-37.60813714 35.8733788687 -10.1198724694
-37.5089650613 35.4958749211 -10.1254613036
-37.4004386219 35.1276856969 -10.1421485319
-37.276096971 34.7550967523 -10.1385019167
-37.170979324 34.3830230904 -10.1168996853
-37.0503239253 34.0023481729 -10.0646579588
-36.9360501033 33.6287286631 -10.0486445616
-36.8413173822 33.2565757269 -10.0509435147
-36.7594667258 32.8611954373 -10.0662038066
-36.6647736419 32.4729101924 -10.0835648659
-36.5667906769 32.1025012895 -10.0540748473
-36.4748325544 31.720795807 -10.0465041571
-36.3708247469 31.3338185871 -10.0489616586
-36.2588102408 30.9574244789 -10.0339391895
-36.1679223206 30.5706850817 -10.042580082
-36.0513495455 30.2003554531 -10.0614077148
-35.8798397196 29.8240802562 -10.0881231349
-35.7051985611 29.4733710027 -10.0972793101
-35.5139890857 29.1257534449 -10.0862205531
-35.3004639107 28.8060404208 -10.0650543301
-35.101327011 28.4613163727 -10.0313627766
-34.9426992496 28.0935235199 -9.99418315633
-34.7831994717 27.7493147545 -9.9713521742
-34.6202909012 27.3893700517 -9.93627332145
-34.4282886834 27.0419506794 -9.89544708599
-34.2668863235 26.7069773633 -9.86223117798
-34.0933946416 26.3717662246 -9.79461024825
-33.929138409 26.0116629733 -9.73634367924
-33.7333706646 25.6776409482 -9.6608745994
-33.5398622362 25.3264956865 -9.55710461459
-33.3821461286 24.9859335363 -9.46934802702
-33.2266893371 24.6407734799 -9.35665968984
-33.0570028188 24.2958116092 -9.2358457427
-32.9339691928 23.9305951692 -9.10092098021
-32.8303577565 23.5689460702 -8.96603585484
-32.7358628583 23.2116570547 -8.82401604755
-32.6193297203 22.8588866709 -8.65595465126
-32.4939971412 22.5202667397 -8.49586031645
-32.3807142472 22.1744328523 -8.3620850305
-32.2634280039 21.8332761453 -8.19430109405
-32.1565663236 21.5143162264 -7.98902044043
-32.0598517465 21.1925024348 -7.77937970341
-31.914502421 20.8693013439 -7.62348690351
-31.738751423 20.5459813416 -7.48317149245
-31.5140089427 20.2651523339 -7.34329208974
-31.275829478 19.9634345631 -7.19889405515
-31.0553678067 19.6697631279 -7.05643823952
-30.8435866651 19.3854856906 -6.9068873791
-30.6008885686 19.1029919238 -6.77945403261
-30.3709932623 18.8148300486 -6.64472745574
-30.1541385691 18.5030048116 -6.52141636992
-29.9317346789 18.1900300982 -6.40016641444
-29.6750446783 17.8973099539 -6.28280089689
-29.4273126673 17.6073644082 -6.15588283299
-29.1610701204 17.3395760135 -6.01636016438
-28.9314126368 17.0753549599 -5.86340051149
-28.7161037914 16.804910878 -5.68931427269
-28.5011516801 16.5070775451 -5.52089614231
-28.2762506512 16.227120554 -5.34193453753
-28.0819494803 15.9707872875 -5.1207990352
-27.8681072084 15.7298332243 -4.89486744113
-27.6590610282 15.4799608088 -4.67357339031
-27.4711017968 15.2150262869 -4.42263077241
-27.2732332849 14.9830698503 -4.1647516582
-27.107233019 14.7618947109 -3.90146207687
-26.9255760899 14.5432959843 -3.62293202222
-26.7219601954 14.3333381503 -3.36299574139
-26.5252015229 14.1019366334 -3.10399093292
-26.3459624584 13.8860728683 -2.81444572213
-26.175602109 13.6661264796 -2.5483894697
-25.9842737223 13.4395210545 -2.28186153552
-25.7640895108 13.1969418693 -2.05658395397
-25.5205590346 12.9942376285 -1.81032248014
-25.3003351862 12.7533628396 -1.57567864672
-25.0500663993 12.5192263613 -1.38972505366
-24.7883821214 12.2526667175 -1.23064542917
-24.527173489 11.9738195658 -1.1074136176
-24.2719500619 11.7084886728 -0.977978596469
-24.0198579675 11.4496582676 -0.829815035309
-23.7720070451 11.1993894807 -0.659272355198
-23.4910987631 10.9755982913 -0.508104300206
-23.2247373049 10.7174417172 -0.366330243074
-22.9655105285 10.4559159878 -0.218899968665
-22.6989905218 10.2094127275 -0.0431093336325
-22.4703636035 9.95668643915 0.149209981176
-22.2566006057 9.67811674737 0.345877488242
-22.0871915473 9.3890035812 0.548205176297
-21.8698612087 9.1347710822 0.770355388946
-21.673379996 8.88695979692 0.986219154086
-21.4530372361 8.68869491385 1.2358973478
-21.2224284617 8.45186311129 1.44760714258
-21.0177027278 8.17761386579 1.62958513232
-20.8480558466 7.88342714805 1.84772010454
-20.6621973827 7.60683931236 2.05881156021
-20.4511297093 7.33560248811 2.2668787035
-20.2092243551 7.07772337391 2.46933323034
-19.9918940165 6.87640643246 2.72051763468
-19.7803506977 6.63632438592 2.94831217348
-19.5697190325 6.39723326743 3.19027698329
-19.3831074633 6.15540718753 3.42770334267
-19.1727532581 5.88872863229 3.6079848636
-18.9711588568 5.62787673395 3.82068558643
-18.7564445682 5.38085819111 4.03414734198
-18.5408979 5.14434348552 4.27311954911
-18.3062857763 4.91365543685 4.49996279697
-18.0928795127 4.71241776964 4.75209452853
-17.8196608323 4.52108938288 4.98302039994
-17.5750601539 4.31172610571 5.21739470094
-17.3265750376 4.09281028219 5.43837165479
-17.0895846865 3.87106040448 5.66822732391
-16.8426057809 3.63703887386 5.87025773355
-16.5685547209 3.42884092807 6.07874899404
-16.2966837027 3.25046198899 6.29053013564
-16.0160925177 3.06857120091 6.49735663701
-15.7194482985 2.89307784429 6.67675425013
-15.4161846798 2.6985507418 6.84493455777
-15.1263580455 2.49033694117 7.05184033339
-14.8345891922 2.30596090556 7.26445385454
-14.571200518 2.1135306068 7.48111036212
-14.2870816292 1.91260210915 7.67814649442
-14.0177077497 1.70172469393 7.89500118761
-13.7729485228 1.47985194114 8.09770542832
-13.5653689161 1.24503370437 8.33354630282
-13.3866054969 1.01780597642 8.60062122928
-13.177995325 0.788957090193 8.83166601205
-12.935455777 0.564083807277 9.07999257992
-12.7507467895 0.317976918231 9.32055027191
-12.5708338939 0.072452694876 9.55936393056
-12.3926650315 -0.188252546115 9.78826830876
-12.1555954062 -0.439976015315 9.98348113346
-11.8985883087 -0.666363436282 10.1919723939
-11.636983305 -0.913457289657 10.3389864786
-11.3548066352 -1.11960203254 10.5138258227
-11.0674375024 -1.34723009542 10.6632974088
-10.7742813498 -1.55797274442 10.8008382214
-10.4729203131 -1.7866749733 10.9058765941
-10.1834107756 -2.0107634412 11.0446857945
-9.88985825184 -2.2097853933 11.1966941565
-9.57232526937 -2.42034967526 11.3316585561
-9.26422592189 -2.65164417191 11.4522743176
-8.96100194038 -2.87684247922 11.5245327906
-8.66562610898 -3.13740502657 11.5938184795
-8.39236779152 -3.42345820693 11.6812183329
-8.11470975355 -3.68700939327 11.7553397506
-7.81330907964 -3.94182852168 11.8448007345
-7.53501684772 -4.20474551407 11.9327555077
-7.28252838207 -4.50701820465 12.0097704353
-7.02948499672 -4.79688447613 12.0843674984
-6.7674043476 -5.08223211572 12.1624526283
-6.55213513929 -5.40594848918 12.2500110303
-6.32164527622 -5.71880429128 12.3063750174
-6.10086650798 -6.04287739884 12.3798226041
-5.8727152351 -6.35299823954 12.4088369772
-5.67345942398 -6.69229200185 12.4459769603
-5.45462287471 -7.03206140963 12.4856140821
-5.2684869509 -7.37210827727 12.5485974685
-5.04588487506 -7.69431844011 12.6396439372
-4.83335062815 -8.01981848404 12.702072404
-4.60797395379 -8.32300282843 12.7967654879
-4.37609679145 -8.63403532293 12.8619289161
-4.12689820691 -8.92513034518 12.9528564734
-3.92649291926 -9.25217623687 13.0310208776
-3.71235336893 -9.57949958842 13.0616207356
-3.48794384034 -9.92148867502 13.0756919138
-3.24800845115 -10.2393783916 13.0809240139
-2.99256305622 -10.5471606421 13.0876226875
-2.72643942067 -10.8485216789 13.0754144539
-2.43466263993 -11.1262986282 13.1026055195
-2.13985361938 -11.3805707644 13.122305169
-1.86816096822 -11.6725378033 13.146404539
-1.62859420427 -11.9849179599 13.1583353126
-1.40293610635 -12.2953162605 13.1559570853
-1.16716261495 -12.6054371011 13.1265067039
-0.929209081848 -12.9195612911 13.1241681138
-0.665776806879 -13.2269471704 13.1181036341
-0.410818948544 -13.5171305389 13.0706183622
-0.179453105083 -13.824793878 12.9991526317
0.0703638185589 -14.1110135343 12.9128626176
0.311278244653 -14.4008798058 12.8369575294
0.545640654521 -14.7304228362 12.7666412754
0.759875333952 -15.0541788468 12.7046488169
0.993924610555 -15.3375446303 12.5973907655
1.22041905175 -15.6485374876 12.4975448557
1.44183597765 -15.9736807974 12.4172796841
1.67349117209 -16.2912930542 12.3204461956
1.92189701421 -16.6011364351 12.2774795557
2.16238335939 -16.8936583936 12.1798533248
2.37125909996 -17.2107553678 12.1014114608
2.58512515415 -17.5300323836 12.033473434
2.79704106196 -17.8424125403 11.9346977267
3.01913181894 -18.1780200502 11.8306899192
3.21437238961 -18.5016571495 11.7343320761
3.40809882225 -18.8351242549 11.63305923
3.56601311537 -19.1578100632 11.5135533078
3.71634482708 -19.4940517671 11.3674112399
3.8657609213 -19.8132891458 11.1847237457
4.00037651423 -20.1316545079 10.9678690525
4.13530127672 -20.4548952358 10.7765406657
4.24612666919 -20.7971617823 10.5848159078
4.33455708784 -21.1365348188 10.386313202
4.44439155226 -21.4843505624 10.1980765107
4.56877284036 -21.8090578639 10.026289225
4.69077590115 -22.1389179912 9.85545323014
4.830694941 -22.4792026815 9.69710292872
4.948536104 -22.8156822082 9.55456783884
5.05662653505 -23.1311936975 9.35796771487
5.20459191061 -23.4612916475 9.19494023304
5.35687773244 -23.7809650346 9.02886069284
5.51066976488 -24.098815114 8.85029545929
5.63556633557 -24.4242358837 8.66281187333
5.79225187791 -24.7385186222 8.47271223734
5.90906247576 -25.0790807724 8.33287247175
6.06947390754 -25.402202589 8.16992426417
6.24423397741 -25.7032068917 7.95651800058
6.40036460005 -26.0033788149 7.75080133862
6.57282571685 -26.296059322 7.52360135665
6.74469227683 -26.5787909116 7.29774903684
6.92298005053 -26.8600955648 7.08513551568
7.04232742417 -27.1519436923 6.86590259519
7.15842455383 -27.4368553235 6.63089410024
7.26869502658 -27.7029789591 6.36116348662
7.36061351195 -27.9652577939 6.06654076054
7.4807139909 -28.2278140884 5.79724615526
7.58273994233 -28.4981392588 5.5310828826
7.68080218158 -28.7810293969 5.25992533259
7.73332136792 -29.0636817122 4.99895452289
7.79150866267 -29.34974282 4.72629076226
7.81663859787 -29.6241109768 4.44819671595
7.82103831838 -29.9152456362 4.16843791053
7.82924320259 -30.203248963 3.90346375152
7.80296379086 -30.5031434262 3.65488746979
7.74291355138 -30.7804447302 3.38685728869
7.65983414416 -31.0753449161 3.13973965304
7.56747965045 -31.362753686 2.89960211453
7.49098000544 -31.6607059303 2.63539691569
7.39866514884 -31.9648812027 2.40269926494
7.31982691365 -32.2843167671 2.17493643584
7.23397290791 -32.5611820626 1.88948970345
7.14601813471 -32.8226285177 1.60673829534
7.02813733457 -33.0820534798 1.33916394114
6.92979763548 -33.3383867462 1.05550087922
6.8336776152 -33.5947992869 0.775480468791
6.75583030804 -33.8555322739 0.496823575352
6.71821467949 -34.1072279971 0.20133676001
6.6758029592 -34.362728884 -0.0776887586615
6.6561429468 -34.6392374455 -0.349535994582
6.68206562444 -34.924585085 -0.624514563121
6.6348181753 -35.2154026474 -0.88604821996
6.57175551456 -35.5323807102 -1.13593649042
6.48978594676 -35.8203840369 -1.40890545689
6.38732398699 -36.0922550551 -1.66832645513
6.29013376442 -36.3653548241 -1.93675300745
6.21843021114 -36.6243437777 -2.2354345748
6.15342533145 -36.9000199596 -2.51833660398
6.0783129857 -37.1713756952 -2.79328742654
6.0083931029 -37.4529578083 -3.0672988493
5.90692207118 -37.7274845136 -3.34502427038
5.79034929607 -37.9725608375 -3.63963510533
5.66569054812 -38.2705130817 -3.87027162576
5.53956522666 -38.5375483711 -4.1093785991
5.43226753804 -38.8543282482 -4.34363398873
5.33261981392 -39.1542227116 -4.58982015202
5.21588849031 -39.4514218506 -4.83893946232
5.07335340045 -39.7485020782 -5.08128082479
4.94231307589 -40.072337363 -5.27134082366
4.83299389405 -40.4132166102 -5.45525706866
4.7514999717 -40.7509248877 -5.65879368892
4.6504253112 -41.0557343541 -5.88032556248
4.50016098258 -41.3327978352 -6.13994871005
4.34957955699 -41.5920246115 -6.4212137261
4.21493225436 -41.840549365 -6.69534406023
4.0687901864 -42.0716337849 -6.97327955806
3.93982684703 -42.2963762653 -7.26512768562
3.83223187999 -42.5548102992 -7.54282536071
3.69836146494 -42.8049205376 -7.81802589713
3.55731673085 -43.0054843737 -8.13159516743
3.39114602526 -43.2040663538 -8.43806939292
3.22107899062 -43.3867934851 -8.74438506992
3.05249834803 -43.6198597611 -9.04503263852
2.88210628898 -43.8493586961 -9.31353450136
2.71830588329 -44.0661737522 -9.60292512738
2.52883251382 -44.2512791108 -9.91177758018
2.31658761791 -44.4260788178 -10.1928047735
2.09190855688 -44.5977075551 -10.4933334307
1.84063298716 -44.7736963757 -10.7560086367
1.58637274217 -44.936208575 -10.9878065247
1.30409697951 -45.0903969786 -11.2272940144
1.03609058069 -45.2414144126 -11.4653942049
0.757703219679 -45.4146286347 -11.6981433839
0.465090095666 -45.5462238789 -11.9243524379
0.17789932991 -45.6809900929 -12.1459239485
-0.112834994532 -45.8018833143 -12.3932199512
-0.427676616431 -45.9223801645 -12.5926343109
-0.767315221708 -46.027022166 -12.7937134295
-1.10312884473 -46.1237367431 -12.9853192762
-1.4508692777 -46.2414589947 -13.1533806724
-1.8096882862 -46.3726578678 -13.283430069
-2.16209004468 -46.5058385968 -13.3855352946
-2.52389769216 -46.6437757806 -13.487204512
-2.8631319988 -46.7979641843 -13.6140829388
-3.16679595236 -47.0143828691 -13.7429035845
-3.47291344375 -47.2331797813 -13.8569395838
-3.77039400633 -47.4868573606 -13.9636030784
-4.05582884759 -47.7361748565 -14.0925029984
-4.37577969449 -47.931982238 -14.2338886118
-4.69973389068 -48.1178803391 -14.3778110009
-5.01718759891 -48.2922836749 -14.5401646516
-5.34197417466 -48.4631196697 -14.686108534
-5.66462034582 -48.6454504298 -14.8373241536
-5.97042074025 -48.802413432 -15.0082790597
-6.29060940988 -48.9926716164 -15.1401517638
-6.61575271973 -49.1753987478 -15.2876811311
-6.93681340603 -49.3823045235 -15.4428208256
-7.23218923743 -49.6058578902 -15.57152256
-7.56038460565 -49.813160037 -15.6892448117
-7.89440663078 -50.0018327367 -15.8041924648
-8.23338329612 -50.1635521935 -15.9406234379
-8.55519708774 -50.2971292938 -16.1106666902
-8.88755435374 -50.4445793868 -16.2811855881
-9.21154818706 -50.5638871232 -16.4437374245
-9.57823120052 -50.6717000945 -16.5949134069
-9.93837408889 -50.8207356723 -16.7645999252
-10.2924128605 -50.9638256819 -16.8869993572
-10.6384845707 -51.1081048052 -16.9788782055
-11.0025911712 -51.275373459 -17.0660402362
-11.359602727 -51.4295618627 -17.1354844736
-11.7086472212 -51.5900922058 -17.1866956349
-12.0731105559 -51.7494334353 -17.2056818162
-12.4463336944 -51.8766685961 -17.2549903956
-12.8291886535 -51.9749686582 -17.2836480347
-13.209546474 -52.0887271976 -17.3006919971
-13.5899439316 -52.1921800854 -17.3283190709
-13.9775157082 -52.3083168522 -17.3715631708
-14.3675053493 -52.3903656943 -17.4054132728
-14.7596353949 -52.393536664 -17.4471907991
-15.1540247564 -52.4498213769 -17.5095003545
-15.5390201201 -52.4886657563 -17.5719288213
-15.9219939906 -52.5068988323 -17.6616276279
-16.2997357612 -52.552085151 -17.7153359279
-16.6956709704 -52.6036134094 -17.7554486951
-17.0799132288 -52.6805094256 -17.7691235021
-17.458209919 -52.7443251916 -17.8037267094
-17.8363480606 -52.7776203739 -17.8277071681
-18.2178553577 -52.8529309053 -17.868057758
-18.609271935 -52.8850369739 -17.9465788962
-18.9935538306 -52.9072337621 -17.9669523768
-19.3818390754 -52.9599511341 -18.0186391836
-19.7632670981 -52.9876971193 -18.0808298277
-20.1704196129 -53.0094975363 -18.1425051892
-20.5776910391 -53.0198031879 -18.1547926969
-20.977391775 -53.036450779 -18.148014749
-21.3713451282 -53.0622149082 -18.1754436373
-21.7799245794 -53.08560081 -18.2136934598
-22.1782776531 -53.1248415606 -18.2723564001
-22.5699716904 -53.1169141362 -18.2905102019
-22.9701084346 -53.1513984322 -18.3141339263
-23.372227035 -53.180333531 -18.2844060851
-23.770659383 -53.1716133642 -18.2559069945
-24.1689728195 -53.1672532809 -18.2438176724
-24.5639963751 -53.1652714248 -18.1905850178
-24.9550562184 -53.1462456063 -18.1480543862
-25.3564613505 -53.1395072956 -18.0985476211
-25.759927613 -53.1375254396 -18.0701278048
-26.1602625428 -53.151002061 -18.037308268
-26.5690005425 -53.1791444174 -17.9576772903
-26.9570083275 -53.211250486 -17.8740033263
-27.3385948987 -53.2278980772 -17.7929850494
-27.7288619996 -53.211250486 -17.7051491876
-28.1104485709 -53.2017375768 -17.6055411006
-28.4944133695 -53.20926863 -17.5284072617
-28.890784587 -53.2144214558 -17.431534136
-29.2716576901 -53.1831081296 -17.3473448894
-29.6405603824 -53.1161213937 -17.2449225667
-30.0127529558 -53.049134658 -17.16362683
-30.3886317815 -52.9468708838 -17.0914872684
-30.7463568054 -52.8164647532 -16.9896991397
-31.115655869 -52.7161828352 -16.9023785604
-31.4870160628 -52.6024242957 -16.7820402588
-31.8525099626 -52.4977822942 -16.6952349621
-32.2086098645 -52.3951221488 -16.5859157802
-32.5553554058 -52.2754180411 -16.4879328153
-32.9308378602 -52.1517502212 -16.3895534791
-33.3265748839 -52.0427481363 -16.3111512522
-33.7112531507 -51.9464299305 -16.2366334633
-34.0949008522 -51.863588346 -16.1884347232
-34.4737128249 -51.7644955416 -16.1322689216
-34.8530797173 -51.661439025 -16.0850214725
-35.228284712 -51.5603643645 -16.0079272707
-35.6056697483 -51.4699917268 -15.9285737529
-35.9928451537 -51.3930957106 -15.8526686648
-36.3569517543 -51.2840936258 -15.7593628801
-36.7216529116 -51.1612185483 -15.686430576
-37.0868297145 -51.0395325845 -15.602756612
-37.4589430136 -50.9190357343 -15.5215797866
-37.7971665737 -50.7822876642 -15.3891521628
-38.1594895037 -50.6471250789 -15.2645330519
-38.488358703 -50.5024495845 -15.1157352968
-38.8338754934 -50.3775926509 -14.974508232
-39.1417370182 -50.1968473757 -14.7995499765
-39.4651759318 -50.0109492747 -14.6322416855
-39.7996339652 -49.8674628939 -14.4702051317
-40.1405132125 -49.7192200584 -14.3214073767
-40.4663303534 -49.5634461699 -14.1894950354
-40.7965075777 -49.4021230843 -14.033760784
-41.1346122264 -49.2407999988 -13.9001044094
-41.4552765414 -49.0485599582 -13.7485716928
-41.7664279473 -48.851563463 -13.5905384884
-42.0962088004 -48.6490177708 -13.4718253087
-42.3938835849 -48.4266535176 -13.3559263647
-42.7236644379 -48.237980818 -13.2431983903
-43.0360049575 -48.0441552927 -13.1146155674
-43.3657858105 -47.8447805702 -12.9750136245
-43.6820900422 -47.6652244085 -12.8072693251
-44.0178164636 -47.4852718757 -12.6972366752
-44.3285714982 -47.2811406986 -12.5714680878
-44.6603342074 -47.1003954234 -12.4292104578
-44.9611799617 -46.9228211178 -12.277598467
-45.2719349963 -46.7258246226 -12.1106072731
-45.5660424398 -46.5209007031 -11.9241938894
-45.876004732 -46.3243005791 -11.7325484056
-46.1839851681 -46.127304084 -11.5700758435
-46.4832454374 -45.9311003313 -11.3969408957
-46.7785419946 -45.7400494044 -11.2282849425
-47.0881079156 -45.5382964546 -11.0553878173
-47.3651713968 -45.3048338073 -10.8745632679
-47.6303437414 -45.0650292207 -10.7055902178
-47.9125600484 -44.8601053011 -10.5180273576
-48.1729759384 -44.6302099949 -10.3175031586
-48.4397337679 -44.4466901211 -10.0929588638
-48.6926186047 -44.2274968377 -9.88189119035
-48.9617546615 -44.0217801758 -9.65619741903
-49.2186032106 -43.8065506046 -9.46062786024
-49.4647497367 -43.5568367374 -9.26339354233
-49.7065361795 -43.2952317339 -9.10151553703
-49.9475298798 -43.035212215 -8.94641547957
-50.1853526104 -42.7807418933 -8.78156469015
-50.4481467277 -42.5100203516 -8.61734809466
-50.7097517313 -42.2686302801 -8.46078146369
-50.9860224701 -42.0272402085 -8.31535286393
-51.2480238449 -41.749383985 -8.16576236638
-51.499323197 -41.4723205038 -8.04911031703
-51.7589463445 -41.2158683259 -7.91402700605
-52.0098493253 -40.9641726027 -7.75686581825
-52.2992003142 -40.7243680161 -7.63105759377
-52.5730928256 -40.4631593836 -7.49367532972
-52.850552678 -40.2174092287 -7.36529069232
-53.0966992041 -39.9296437247 -7.20543418024
-53.3444312151 -39.6660568649 -7.05096831672
-53.5897849989 -39.380907411 -6.90153636766
-53.8157165929 -39.0989289267 -6.73716122369
-54.0424409295 -38.8201214122 -6.55245223626
-54.2711471221 -38.5548301562 -6.35945909039
-54.5085734814 -38.3026984247 -6.15183984658
-54.7721603412 -38.0675710183 -5.97216477361
-55.0119649279 -37.8375964378 -5.71884392841
-55.1887464909 -37.5753176031 -5.48542091832
-55.3936704104 -37.321045467 -5.25294919917
-55.5922523905 -37.0914672577 -4.98999653337
-55.7773577491 -36.8335088693 -4.75253053687
-55.9838671536 -36.5936646454 -4.49401722871
-56.1638196864 -36.381606044 -4.20934342019
-56.3453577041 -36.1486586794 -3.9539455898
-56.5288775778 -35.919040833 -3.70406128305
-56.6913897771 -35.6474472746 -3.46324594976
-56.8792697343 -35.3894888862 -3.21287807012
-57.0148286906 -35.1020801163 -2.98429078891
-57.1281908589 -34.799926337 -2.76322663339
-57.2788119217 -34.4869516236 -2.56167979663
-57.4108035372 -34.1780198966 -2.36336734901
-57.543587895 -33.8748355522 -2.16275594833
-57.7064964655 -33.5748221776 -1.95658742318
-57.8575138994 -33.2580423004 -1.78075715102
-58.0358809474 -32.9484367423 -1.60222759087
-58.1857092676 -32.661582892 -1.38131009271
-58.3414831562 -32.3811502555 -1.14485087911
-58.4548453244 -32.102659838 -0.89681366223
-58.5816841141 -31.8218704674 -0.626504346635
-58.6669039259 -31.5216985443 -0.384816996665
-58.7715459274 -31.2150657703 -0.156538884991
-58.8317943524 -30.8939258098 0.0679618089799
-58.8833226107 -30.558080477 0.275470068849
-58.911068596 -30.2092341684 0.479918342919
-58.9507057177 -29.8630435469 0.666216778932
-58.9915319532 -29.5345707188 0.886262260417
-59.0426638403 -29.2212789084 1.10501557173
-59.1017231517 -28.9092158487 1.32688436081
-59.1671244026 -28.6036136398 1.52908521008
-59.262649866 -28.2946026385 1.76818821971
-59.3605535568 -27.9940343442 2.00269332321
-59.4057398756 -27.687639393 2.23207731058
-59.4671774143 -27.3697100393 2.45771558995
-59.5345605214 -27.0528112508 2.68365511144
-59.6411843789 -26.7507367458 2.91022882688
-59.7097565996 -26.4382376778 3.13151098656
-59.7715905095 -26.0933947184 3.33678767648
-59.8159840859 -25.754378416 3.50859081706
-59.867115973 -25.3944733503 3.66998524946
-59.9416337619 -25.0443190167 3.86671221221
-60.0030713006 -24.7164407454 4.07330881828
-60.0752108623 -24.3611335859 4.22480189768
-60.1291173478 -23.9999601323 4.39746120009
-60.2044278792 -23.6377957508 4.56683062139
-60.2337593493 -23.2929131543 4.7369135109
-60.2539742814 -22.9180648938 4.89003171228
-60.3257174718 -22.5742128625 5.06637726701
-60.4038026017 -22.2282600637 5.24989714079
-60.473563936 -21.894713684 5.45482106032
-60.5524418083 -21.5578377861 5.6647392572
-60.639247105 -21.2025306266 5.84005424676
-60.7129721515 -20.84167427 5.99190406025
-60.7763915463 -20.4844645287 6.15715122089
-60.8473419943 -20.1451707663 6.34776613946
-60.8727097522 -19.7925589311 6.55066856579
-60.917896071 -19.4491825453 6.72400169927
-60.9480202836 -19.1038243033 6.90339931238
-60.9706134429 -18.7471298446 7.0802601497
-60.9860719205 -18.3990762783 7.25720026126
-61.0265017846 -18.054233319 7.4357258577
-61.0522659138 -17.7162872187 7.62808480963
-61.0391856636 -17.3666878049 7.81945283352
-61.02174533 -17.0055539884 8.00979029224
-60.9951884585 -16.6520304994 8.17769314004
-60.9729916702 -16.3046507642 8.34690401285
-60.9880537766 -15.9413369061 8.51242863335
-61.0098541935 -15.5900727331 8.66986728101
-60.9999449131 -15.24142461 8.85873816622
-61.0146106481 -14.8957492711 9.0508196583
-61.0221417012 -14.580634153 9.28265718351
-61.0387892924 -14.2546584636 9.49796602894
-61.0542477699 -13.9099740527 9.71034172734
-61.039978406 -13.5566883865 9.89207793067
-61.0463203455 -13.1972986033 10.0771040151
-60.9947920872 -12.8557851623 10.2806802724
-60.9583259352 -12.5032922383 10.4666576478
-60.9385073743 -12.1679621882 10.6456192525
-60.9127432451 -11.8092065991 10.8340937666
-60.8921319418 -11.4561983927 10.9859039429
-60.8647823279 -11.1154380568 11.1653411932
-60.8604222444 -10.7491910517 11.3329665811
-60.8639895853 -10.396737765 11.5098670556
-60.8441710245 -10.0287070894 11.6523228711
-60.8334690017 -9.65556322509 11.7978307452
-60.8116685846 -9.29549961096 11.9232822356
-60.7783734023 -8.93325595515 12.0660947853
-60.7268451441 -8.57624439939 12.2240487155
-60.6836406814 -8.19782879789 12.3441888316
-60.6198249153 -7.83633824739 12.4767353667
-60.5651256873 -7.45693171785 12.5925550365
-60.526281308 -7.09666991811 12.7584363911
-60.4561236024 -6.75396736332 12.9334342837
-60.378831215 -6.41954896699 13.1397455026
-60.3221501308 -6.06562910673 13.3130786361
-60.2611089633 -5.71055976996 13.4981443576
-60.1754927803 -5.37051290233 13.6729044274
-60.1168298401 -5.0111627564 13.825428072
-60.0351773693 -4.64126913607 13.9554378314
-59.938066421 -4.26812527177 14.049060713
-59.8572066926 -3.89478718556 14.1243712443
-59.7517719487 -3.51153981892 14.2176373918
-59.6709122203 -3.13945426576 14.3231910472
-59.5428843169 -2.79088541695 14.4268817576
-59.3958305952 -2.42746453862 14.530493194
-59.2638389797 -2.0730016498 14.6607011389
-59.1175780004 -1.74622132683 14.8068432069
-58.9919283244 -1.39636030785 14.9314226806
-58.8508201709 -1.05980943436 15.0797447903
-58.7069374189 -0.709797794313 15.2103887436
-58.5943679931 -0.350840055888 15.3352060401
-58.5008243857 0.009314723615 15.4624808381
-58.4049025511 0.365252113362 15.6026773378
-58.288369413 0.697458758308 15.786038663
-58.1131733349 1.01461122441 15.9424467455
-57.9296534611 1.33038431867 16.1056724129
-57.7326569658 1.64356910887 16.2393684246
-57.496023349 1.94069293735 16.3725887909
-57.2435348833 2.21399089192 16.4867833388
-57.0088831224 2.50371050605 16.607002729
-56.8106975136 2.80546395034 16.7287679671
-56.5974497985 3.12478853072 16.827662586
-56.3992641897 3.44571445081 16.9334144268
-56.1836382473 3.79018085751 17.0113013711
-56.0116131388 4.12594691599 17.1207791014
-55.8669376444 4.47237536022 17.2086149632
-55.6802468008 4.82558175229 17.2984723182
-55.4868176467 5.1626954729 17.3817895482
-55.316378023 5.50107758143 17.4646707698
-55.1332545205 5.84857622794 17.5467196119
-54.9418072224 6.17788143558 17.6342780139
-54.7487744394 6.51527261605 17.7185068976
-54.5573271412 6.83910790087 17.8120108678
-54.3813383206 7.16294318571 17.9308825961
-54.2319063715 7.49827323584 18.0520136402
-54.0539356947 7.82476420783 18.2190444713
-53.8513900026 8.14182154484 18.3517099179
-53.5996942793 8.44377713846 18.4545682488
-53.3468094425 8.74133301155 18.535705437
-53.1529839171 9.06853745173 18.6147418578
-52.8921716558 9.33121265767 18.7132004683
-52.6147118035 9.58163999299 18.8396428868
-52.2992003142 9.82810361613 18.9118617226
-51.9912198781 10.0715944552 18.9909774177
-51.694337836 10.3262629625 19.0627602452
-51.4311473476 10.6156932257 19.1523401403
-51.1739024272 10.8975131614 19.2454873765
-50.898424431 11.1772323297 19.3456900203
-50.6336484576 11.4444261675 19.4436729853
-50.3720434539 11.7243038843 19.5357103821
-50.0874489197 11.9949065146 19.637260688
-49.8091963248 12.2553620417 19.7297340931
-49.5586897153 12.531830966 19.8264883074
-49.2855899464 12.7939116151 19.9130954184
-49.0259667988 13.0640782371 19.9928849445
-48.7794239014 13.3663112906 20.0403305793
-48.4940366247 13.6417892868 20.076043626
-48.2221259694 13.9284845885 20.092294846
-47.9426842609 14.2129602115 20.1384720928
-47.6600715827 14.4975547458 20.1561106119
-47.3623967982 14.7731912905 20.1860762761
-47.1210067266 15.0868398351 20.199433986
-46.8827876248 15.411031854 20.2219478712
-46.653685061 15.7277324569 20.1947171686
-46.4198260427 16.0541045176 20.1768011895
-46.2014255017 16.382062063 20.1834205889
-45.9830249608 16.7035983948 20.1989583406
-45.7610570789 17.0528410747 20.2269421486
-45.56287147 17.4033917795 20.1715294524
-45.329805194 17.7152566536 20.1548422241
-45.0773167284 18.0232370898 20.1384720928
-44.8176935809 18.3144906605 20.090352627
-44.53745913 18.5946458372 20.0577709129
-44.2524682245 18.8763864986 20.0579690985
-43.9603426371 19.1482178797 20.0108801978
-43.6729735042 19.4225860366 19.9765148132
-43.357462015 19.6802273281 19.9296637353
-43.0601836017 19.9297430095 19.8612500632
-42.7835164918 20.2429951829 19.8185212459
-42.4953546166 20.5091980926 19.7403964789
-42.183014097 20.7631134947 19.6731719204
-41.8659171229 21.0014118708 19.6560486838
-41.5642786263 21.2668616752 19.6480816223
-41.3042591075 21.5706405765 19.6501031155
-41.0458250736 21.8684342722 19.6360715744
-40.8036422596 22.1778416447 19.5732863735
-40.5467937105 22.4610092427 19.4780383699
-40.2772612826 22.7408473223 19.3976939241
-39.9918740059 22.9933754251 19.2961832552
-39.6961810774 23.2659202744 19.2105670723
-39.399497221 23.5198753135 19.1450072729
-39.0910015023 23.7514353788 19.0424660389
-38.769584082 23.9682900721 18.8834815434
-38.4679852224 24.1996915889 18.7510935567
-38.1775243941 24.4661719586 18.635273887
-37.9087054343 24.74006447 18.5589724275
-37.6368740532 24.9924736614 18.4469579214
-37.3593745638 25.2633933887 18.3307815175
-37.0833812849 25.507320236 18.1975215141
-36.8087753053 25.744310587 18.0568097319
-36.502063257 25.9828071487 17.9344895741
-36.1834204352 26.1963719608 17.7894969827
-35.9006492085 26.4507233711 17.6769275568
-35.6100298317 26.7007146982 17.5417253346
-35.3265054997 26.9188774163 17.3845245096
-35.0341024524 27.142074049 17.2394526439
-34.72731113 27.3668165294 17.1444821002
-34.4260690046 27.6026177668 17.0462613124
-34.1342605142 27.8338210981 16.9528762535
-33.807729905 28.0460778851 16.8600461144
-33.4943984575 28.236137884 16.7249628034
-33.2021539587 28.4611578243 16.5796531151
-32.8994452598 28.6678654143 16.4511099291
-32.6028010405 28.8629593276 16.2845943806
-32.2961682665 29.0526229553 16.1327842043
-32.0003960639 29.2292063327 15.9478770312
-31.6860340511 29.4066220898 15.7676470385
-31.3926004386 29.5901419635 15.5913807581
-31.1029323528 29.7737411115 15.401915316
-30.8232131845 29.9731554711 15.2097545497
-30.5580012028 30.1373720666 14.9948420755
-30.267381826 30.3017472106 14.8145328085
-29.9722041802 30.4741290531 14.6113925594
-29.6903842445 30.642388635 14.4155851779
-29.4019845465 30.8221033452 14.2135151312
-29.1100967818 30.9937717195 13.9999899562
-28.8112725208 31.1927500708 13.8221381909
-28.5232691941 31.382611884 13.6380633974
-28.2150905724 31.5825811633 13.4747980929
-27.9171779651 31.7755743092 13.3086392784
-27.621564311 31.9693601976 13.1406967934
-27.3202825485 32.1489956333 12.9523411908
-26.9981120227 32.3310489336 12.8105592063
-26.7218809212 32.5305425674 12.6298139311
-26.4118393547 32.7173919595 12.4409034087
-26.1244702219 32.9353564921 12.2682837434
-25.824377573 33.1457106973 12.1113603783
-25.5253154892 33.3482960266 11.9539613678
-25.2440504732 33.5344715876 11.7730971812
-24.9502601267 33.737096554 11.5949283189
-24.6686780137 33.9426943046 11.4207628058
-24.3791288391 34.1549907289 11.2687544438
-24.0939793851 34.3912676117 11.0924088891
-23.8716944063 34.6519213244 10.888277712
-23.6539280594 34.9000497067 10.6762587477
-23.412617262 35.1447296593 10.474545435
-23.1919574051 35.3640814912 10.2425097242
-22.9430362805 35.5722160175 10.0184014377
-22.6973257626 35.7651695263 9.78442350796
-22.4740894928 35.9602238025 9.5230166899
-22.2639731104 36.1586075969 9.2573290627
-22.0632903629 36.3665835748 8.98767772332
-21.8677208041 36.6009578758 8.732692119
-21.6338617856 36.7962103377 8.48060002458
-21.4125280977 37.0213491894 8.23144107715
-21.2131137381 37.2229039535 7.95481360435
-21.0012929594 37.4094362485 7.66102325781
-20.802909165 37.5987827792 7.386020907
-20.5515701759 37.7861474538 7.11890634342
-20.3085946194 37.92226133 6.82951571741
-20.0438979203 38.0644396858 6.56783143951
-19.7768626309 38.2411419746 6.33024653164
-19.4915546285 38.4022272374 6.09951884585
-19.2416425757 38.5589127798 5.81960149193
-19.0158695301 38.6886847164 5.52311582112
-18.7646098152 38.8485412285 5.24740000212
-18.5232990179 38.9693948127 4.97033652097
-18.2758048296 39.0714207642 4.68447359879
-18.0230389041 39.1693640921 4.40681556083
-17.7643670475 39.3001269568 4.13613365628
-17.4793365049 39.4634318984 3.91756663944
-17.1875676516 39.6264197431 3.71417667652
-16.9151020765 39.7932920257 3.45612712269
-16.6576589707 39.9724518162 3.20905705158
-16.4106007907 40.1353603866 2.95041690464
-16.1491146984 40.3244294574 2.72933689427
-15.8802561015 40.5170658693 2.50255310209
-15.611556053 40.7275389858 2.28745829712
-15.3399624947 40.9106624884 2.05518476357
-15.0690427674 41.0858585666 1.82837718911
-14.8016111069 41.2915752286 1.60485949576
-14.5782162885 41.5210741636 1.35719486783
-14.3679809948 41.7418529318 1.11310154457
-14.1556845705 41.9776938064 0.883523335301
-13.906803083 42.217498393 0.667588223344
-13.6642238978 42.4370880476 0.451573837144
-13.418196283 42.6665869826 0.256063734033
-13.1605153544 42.894896804 0.0565463179115
-12.9411635225 43.1418360726 -0.169654808583
-12.7242295551 43.4022519626 -0.388087059211
-12.5248548326 43.6820900423 -0.587632221318
-12.3190588964 43.9484515005 -0.794934368156
-12.1189707057 44.2183802997 -1.00429368161
-11.9003719792 44.4887054702 -1.20505570335
-11.6635798138 44.7562560421 -1.37026719058
-11.4115273565 45.0174646745 -1.5623605738
-11.1658961128 45.2544946628 -1.74831020314
-10.9366350005 45.4677423778 -1.97851864265
-10.6959583972 45.7079433358 -2.16952596873
-10.4613462735 45.9620172863 -2.35996252025
-10.2125836972 46.2236222899 -2.55775572157
-9.96231491043 46.4340954065 -2.78742113251
-9.72817843216 46.639019326 -3.01185444338
-9.50101808731 46.8617799503 -3.23004094385
-9.2547922869 47.0774058927 -3.45439894418
-9.00480095993 47.3061120853 -3.65609243829
-8.75932826484 47.5031085805 -3.90452206267
-8.51984077512 47.693366765 -4.14120720788
-8.26461734807 47.8860031767 -4.3716177967
-8.00768952478 48.1004400055 -4.58292329283
-7.74267572865 48.2994183567 -4.79478370867
-7.48047616818 48.5186116401 -4.98999653337
-7.1682149229 48.7124371656 -5.17363531851
-6.87414711652 48.920928426 -5.33955631023
-6.58618342689 49.1183212924 -5.50119649279
-6.30440312826 49.3339472349 -5.69961992435
-6.00498431043 49.5039904873 -5.89205815053
-5.68019773468 49.6676918001 -6.0644796302
-5.39227368217 49.8745975758 -6.2329373977
-5.09903825535 50.0945836015 -6.36699014352
-4.80187875347 50.297525665 -6.54571392556
-4.52172357682 50.4893693344 -6.74473191395
-4.22765577044 50.6879513144 -6.93574320374
-3.94428602323 50.8698857033 -7.14356063316
-3.66141966746 51.0894753579 -7.30817359985
-3.38066200656 51.2904355653 -7.51460373001
-3.09284497428 51.5207272427 -7.69507154541
-2.81487380305 51.7613245718 -7.86372749853
-2.52637104856 51.9900307644 -8.00856154146
-2.23636208345 52.1898018581 -8.1916454069
-1.93362167482 52.4153370809 -8.35102627352
-1.63365586472 52.6234319702 -8.49360100051
-1.34417010961 52.874334951 -8.61746700603
-1.03468742658 53.1002665451 -8.72563671133
-0.726488986289 53.3202525709 -8.79872756387
-0.4078422007 53.5331039148 -8.83004089006
-0.0631498623975 53.7158310461 -8.81295729058
0.272564667824 53.919565852 -8.79765736158
0.613689665167 54.1324171959 -8.80312728438
0.945916128673 54.3500249944 -8.82794012261
1.27576436488 54.5815057855 -8.84882888578
1.61555755493 54.784447849 -8.87542539448
1.9777536462 54.9794624881 -8.92279175499
2.32814580261 55.1526767102 -8.94693076215
2.70274434929 55.3508623189 -8.92065135042
3.05242700121 55.5264547683 -8.92188010119
3.39348461545 55.724244006 -8.8998418615
3.74950920686 55.9125203344 -8.88664269994
4.09693254286 56.059177685 -8.87261115884
4.46016712673 56.2169334295 -8.82453133014
4.81143129982 56.3659690074 -8.78687606446
5.16194236759 56.5221392671 -8.72967969775
5.52299690975 56.6838587239 -8.70050677613
5.85939716218 56.8527128626 -8.66760796506
6.23325449468 56.9926319025 -8.64572827385
6.60782529537 57.1519731321 -8.59035521474
6.95627523282 57.3200345283 -8.57136903342
7.31328678856 57.4785830153 -8.56962500006
7.68714412106 57.6208802825 -8.54917224522
8.06250766419 57.7259186551 -8.56011209084
8.4220163586 57.8836743998 -8.56284705224
8.78794626674 58.0342954625 -8.5633226977
9.17971957828 58.1476576308 -8.56863407202
9.5319350423 58.3141335422 -8.55071809297
9.89857841861 58.46316912 -8.5287194904
10.2750914382 58.5856478263 -8.50406520066
10.6456192526 58.7148648432 -8.44825613321
10.996011409 58.8480455724 -8.31705726017
11.3641213588 58.9927210668 -8.22192816793
11.7050798803 59.1330364779 -8.09774506543
12.0623688958 59.2467950173 -8.001902505
12.4451842178 59.3546079886 -7.87308185926
12.8113915859 59.4378459443 -7.78762422474
13.1800564554 59.5662702188 -7.70422772054
13.5562523781 59.679632387 -7.63145396498
13.9238074082 59.7422590395 -7.52106458086
14.3132421296 59.8203441692 -7.42906682124
14.675049777 59.8718724276 -7.29172419432
15.0330522608 59.9376700497 -7.13840780733
15.4059583024 60.0193225206 -6.99896441296
15.7545667884 60.1017677338 -6.86463420729
16.1264026276 60.1307028327 -6.75789143838
16.486545516 60.1310992039 -6.60195900135
16.8526736097 60.1207935523 -6.44895971133
17.2277200559 60.1172262114 -6.32770975585
17.5979307732 60.0930475671 -6.1879492645
17.9824504914 60.0882911124 -6.11014159447
18.3719248499 60.0989931353 -5.98532429804
18.7458614566 60.0890838549 -5.8736268889
19.1167856421 60.1188116962 -5.78563247858
19.4988082218 60.1291173478 -5.6707640997
19.8850323362 60.1144516128 -5.55553898672
20.2627741066 60.1291173478 -5.44360375486
20.6482451158 60.1303064615 -5.36583572195
21.0260265234 60.151314136 -5.22294389799
21.3961976036 60.1596379316 -5.06407831395
21.7523767798 60.1659798711 -4.88004315759
22.1070101081 60.167565356 -4.688120214
22.4281104316 60.1473504239 -4.47721108908
22.7469514391 60.1089024157 -4.25266679428
23.0922700439 60.0914620822 -4.06106094767
23.4128947219 60.0605451272 -3.8301192214
23.7429530348 60.0157551796 -3.58745283453
24.0604067431 59.9713616032 -3.3487382687
24.3569716881 59.9190406024 -3.09177477199
24.6480270732 59.8809889656 -2.81647910648
24.9507357721 59.7941836689 -2.578172803
25.2631555659 59.685181584 -2.34107543174
25.5602357935 59.5686484461 -2.10359754409
25.8426899232 59.4211983531 -1.87958042301
26.1058804118 59.2709736616 -1.63325552979
26.4036741076 59.0874537878 -1.4392476736
26.7173226522 58.9467420056 -1.2464130762
27.0549120183 58.8139576476 -1.06070126959
27.3456106693 58.6332123724 -0.872924368941
27.5974253038 58.4326485362 -0.65495983635
27.8448005808 58.2435794654 -0.426328954291
28.0911452925 58.053321281 -0.182584437703
28.3932594346 57.9011147334 0.0292799418485
28.7086916496 57.7623848072 0.24442231137
29.0165135373 57.6403024721 0.467936041009
29.3281009515 57.5305076449 0.669780156178
29.6105550812 57.3529333394 0.88818069711
29.885240335 57.146423935 1.0944602062
30.157349176 56.9422927578 1.29746568905
30.4327082609 56.7548091719 1.48490567416
30.7187297316 56.5407687143 1.67318992997
30.9841795361 56.3437722192 1.88906162254
31.2405524396 56.1582704893 2.1238798593
31.4837261816 55.9438336606 2.32797932669
31.7205579842 55.717109324 2.56506480683
31.9182679475 55.4848357905 2.81098936511
32.1245395293 55.2295727263 3.03725787472
32.3176119493 54.9770842607 3.26014137412
32.523566434 54.7210284541 3.4732503593
32.7196116383 54.4510996548 3.65136372966
32.931075683 54.1918728786 3.83826464992
33.1805517274 53.9286823899 4.0228903994
33.4344671293 53.677383038 4.18635388956
33.6673748569 53.4272727996 4.39393349625
33.8716645825 53.1672532809 4.61059000382
34.0241485899 52.9100083606 4.87389940371
34.1856302239 52.6424577887 5.09134865372
34.3511152074 52.3598451104 5.29131793303
34.5245276151 52.0934836523 5.52585078252
34.7115355555 51.8191947696 5.74179382191
34.8472530605 51.5227090988 5.95896561207
34.9542336521 51.226223428 6.16428590281
35.0627997286 50.9031808856 6.36116348662
35.1795310522 50.5801383432 6.56192550837
35.2779896627 50.2467901492 6.75198550724
35.3933336871 49.9178020385 6.91477516633
35.5375731732 49.5733554504 7.08140962623
35.6645308742 49.2451600822 7.23385399654
35.8004862018 48.9122082593 7.38376159107
35.9503541592 48.5855983759 7.54314245768
36.1172264419 48.2677086594 7.69760832121
36.2625757674 47.9296040107 7.85155890214
36.3888200001 47.6037868698 8.02794409401
36.4660727505 47.2724205319 8.21602223679
36.5350413423 46.9240102315 8.39894755373
36.6203800655 46.5740144463 8.56221285829
36.7005659628 46.2359097977 8.72369449237
36.7885603732 45.8843285276 8.90146698349
36.8615719515 45.5402783106 9.07737652989
36.8978399179 45.1922643816 9.24397135266
36.9686714545 44.8533669904 9.41464879899
36.9881729184 44.4795889322 9.59836685837
37.0104093437 44.1363314577 9.78386858824
37.0317341153 43.7534368614 9.92121121517
37.0379175062 43.375695091 10.0138431687
37.0778320878 42.9880440402 10.0681856627
37.1155666277 42.5928619362 10.1365993349
37.1643995618 42.2289931583 10.2503182372
37.2222697596 41.8607642971 10.3663757297
37.2297215385 41.4933281783 10.4781524131
37.2449421932 41.1227210898 10.6228279076
37.2757402368 40.7493394028 10.7395988682
37.2623428897 40.3723903748 10.8741272596
37.2455763872 39.9855320664 10.9614082017
37.2303953695 39.5950667798 11.0706481092
37.2199311693 39.2271946528 11.2031153702
37.2209220974 38.8678445068 11.3852083076
37.2291666187 38.5191963837 11.5577486986
37.2134306814 38.1595291408 11.7171295653
37.185605422 37.7978007676 11.8895114078
37.1822362666 37.437578605 12.0054896261
37.1710189611 37.0496897314 12.1087443283
37.1435107986 36.6519708516 12.162333717
37.0855613266 36.2680060531 12.2270611368
37.0520679587 35.8608931754 12.2619021668
36.9982803844 35.4637688524 12.2517154265
36.9012487104 35.089316963 12.2532216372
36.8179314804 34.7080474888 12.2837422209
36.7477341378 34.3305435411 12.2859618997
36.6542301675 33.9538719729 12.2707808821
36.5640160784 33.5817983109 12.2540540167
36.4871200622 33.1797589849 12.2164780253
36.4559652845 32.7916719257 12.1798533247
36.4364638206 32.3916540928 12.1463203198
36.3971834329 32.0046372359 12.1370848703
36.3742335394 31.6144890463 12.1363714022
36.3514025572 31.2205356931 12.1223002239
36.3301966971 30.8180603587 12.1467959652
36.2746650895 30.4245826509 12.1605896836
36.2015345998 30.044700476 12.1411278568
36.1496099703 29.6627175334 12.147073425
36.0702960897 29.2873539903 12.152582985
35.9690232435 28.9165487162 12.1120738465
35.8376261849 28.5448714254 12.0815928999
35.7206174014 28.172361755 12.0560269563
35.6185518129 27.7981476885 12.0443340055
35.4734403101 27.4234976136 12.038665897
35.3242065467 27.0435758014 11.9915373592
35.1762411711 26.6806583145 11.9297430864
34.9729820107 26.3158382458 11.8782148281
34.8061890023 25.9577168507 11.8492400921
34.6412985757 25.5967019455 11.7861377942
34.5102186141 25.2394922042 11.6752727647
34.3890479328 24.8778431052 11.5761403231
34.2727526176 24.5201577184 11.4631745261
34.1666440426 24.1563682148 11.3548462723
34.0577608692 23.7876240711 11.2918232487
33.9658027466 23.4047691119 11.2386302313
33.8705547431 23.0295244802 11.1894802003
33.7479174883 22.6701346971 11.1380708534
33.6116450637 22.3149068119 11.0797646473
33.4912671248 21.9284845117 11.0394140573
33.3530128442 21.5577981489 10.9795620034
33.1866162069 21.208198735 10.9037361895
33.0260462267 20.8651790832 10.8271176331
32.860164872 20.5062253085 10.7454651622
32.702607313 20.1400575776 10.6712644703
32.5437020919 19.7860980802 10.6088756407
32.3570508855 19.4555641218 10.5234180061
32.1701618564 19.1280029476 10.4173094312
31.9676161642 18.8352431663 10.2888851567
31.7541702634 18.5462092743 10.1352516727
31.5278422981 18.2775092259 9.97713919396
31.3150702285 17.9845116218 9.84768435429
31.1020206991 17.6931787768 9.68953223844
30.8882577013 17.3947112499 9.54679896298
30.671006637 17.0974328367 9.39439422977
30.4763090949 16.7975383734 9.2218142016
30.2975060386 16.4922532616 9.04221840288
30.1421285213 16.1987007377 8.84744158652
29.9563096944 15.9163258823 8.66689449687
29.746232949 15.6050952022 8.49201551565
29.5545081911 15.3331052726 8.29295789013
29.331509744 15.0891784253 8.09033292366
29.1424406731 14.8075963122 7.86590754022
28.9293515065 14.5095251566 7.70351425235
28.6766252182 14.2338093375 7.56161335643
28.4248105836 13.9584898898 7.42161504235
28.175294902 13.7130171946 7.26465204015
27.9081407014 13.4850641074 7.07574151782
27.6778490239 13.2447838753 6.88159889541
27.4081976846 13.018138813 6.70537225203
27.1558677673 12.788322781 6.53382278903
26.9138038648 12.5540673913 6.34776613946
26.6775269819 12.301697837 6.149699442
26.4546474462 12.0611005079 5.93407349959
26.2433419501 11.7920040882 5.72506695652
26.0403998867 11.5014639858 5.53056760001
25.8586240462 11.2265805463 5.32921102144
25.6971820492 10.9866966854 5.04719290008
25.5160007656 10.7731715104 4.76664135222
25.3292702851 10.5691988818 4.48612944148
25.158355016 10.3662171813 4.18952485931
24.9594163018 10.1674370156 3.90879098069
24.7859246199 9.95977813462 3.63911585903
24.5915838119 9.72476963967 3.40398845272
24.3866995294 9.50379268584 3.15914202414
24.1675855203 9.30877804675 2.8908978026
23.9305555322 9.11966933881 2.63098530404
23.6946750206 8.94455253485 2.38443844294
23.4285117478 8.73265248189 2.17557855722
23.1945734552 8.50430302339 1.95329357836
22.9487043889 8.24896068497 1.75595224022
22.7227727948 8.00891827556 1.55759222805
22.4992194281 7.76435723426 1.35294180466
22.2605643179 7.53969402809 1.12634430696
22.0049841567 7.31423807948 0.926212515441
21.7350553576 7.10753048948 0.701703894046
21.4693280932 6.90882959806 0.489399542447
21.1882216257 6.67715062134 0.313355229834
20.9286777523 6.45320088336 0.15194890629
20.6384151096 6.23131227572 -0.007118827069
20.3776028484 6.01160370977 -0.180372686309
20.0862700034 5.78816925437 -0.343150454265
19.8086516026 5.55308148518 -0.507612799897
19.5098669787 5.32976594115 -0.651503479332
19.2278488574 5.09844369852 -0.813980005163
18.9797997494 4.84702543516 -1.01655740709
18.731988464 4.61681303195 -1.1889907779
18.4739904385 4.39159490607 -1.37070319893
18.2136934598 4.15603149141 -1.58058175868
17.9655254405 3.94576448787 -1.79078534283
17.7126406036 3.72716576132 -2.00643903122
17.4553164091 3.50904268025 -2.20555214871
17.2029072177 3.28716596374 -2.4097507089
16.9209287334 3.0698039154 -2.5694169628
16.6532592502 2.84556879015 -2.73480681708
16.3757993978 2.61558628224 -2.91145757765
16.0948911159 2.39293664185 -3.05768684727
15.8219498954 2.14973119012 -3.20930280175
15.5353735049 1.92283641399 -3.37798253713
15.2619566391 1.68479964294 -3.54235371738
14.9964671974 1.44466606814 -3.71683632739
14.7071162085 1.21541684698 -3.84654088095
14.4512189504 0.949388340538 -3.97370073129
14.2166068267 0.677675870834 -4.15353435274
13.9657831202 0.44774092747 -4.3459329418
13.7263352676 0.214599340954 -4.56587933048
13.4776123285 0.006508415394 -4.77595607583
13.2271057189 -0.23455266805 -4.95024050024
13.0062476765 -0.488452215235 -5.14545332493
12.7568112692 -0.71250500973 -5.34367857089
12.5029355043 -0.94215456582 -5.56564645278
12.2921452907 -1.16933472922 -5.79193478094
12.0675613588 -1.37585998847 -6.04077663139
11.8390533518 -1.58626175823 -6.27737061121
11.6094355054 -1.77568359943 -6.52323967752
11.3787870939 -1.95635752787 -6.76280644147
11.1279633874 -2.11513194653 -7.01569127834
10.8643765276 -2.27920188465 -7.28819649049
10.5813674781 -2.45186515078 -7.50750868521
10.2885284226 -2.6325668252 -7.72123204578
9.9853837153 -2.77593825833 -7.91890237203
9.68132735423 -2.94408289258 -8.10507793296
9.36137650734 -3.13375444766 -8.26529117914
9.0522862318 -3.3217216065 -8.41995522827
8.74953789576 -3.51897970668 -8.56399652877
8.48416736554 -3.7515703372 -8.7177489241
8.20088085627 -3.99260763837 -8.84201130084
7.89888562553 -4.23344279023 -8.94625693108
7.58864587348 -4.46313991086 -9.01764338738
7.26833829248 -4.68352230788 -9.11594344936
6.99004606056 -4.9415996077 -9.16988957209
6.70806757632 -5.21537320773 -9.18213744271
6.41296920476 -5.49659858666 -9.20148035814
6.11616643698 -5.74452878331 -9.19842829976
5.79843526891 -5.96919198948 -9.25051147776
5.47380724164 -6.17027110819 -9.32760567959
5.12412855343 -6.36255078589 -9.39193672822
4.77845321451 -6.5566934083 -9.48230936584
4.42964654297 -6.72800504857 -9.58469205138
4.07180260766 -6.8673691687 -9.70780495155
3.7254970385 -7.00689183731 -9.81684667354
3.38061840573 -7.14498756955 -9.95403075199
3.04288634601 -7.31201840067 -10.0463852457
2.70436550756 -7.50683485415 -10.1081002443
2.37341139567 -7.71104530548 -10.1853133575
2.04479191025 -7.92005184856 -10.2508335198
1.70751964113 -8.11581959296 -10.3246378405
1.38746970144 -8.31396556467 -10.4123944281
1.04125529766 -8.49704943011 -10.4620993788
0.686820154825 -8.68996330174 -10.5231801834
0.37848694832 -8.91962078525 -10.5932982519
0.076761250012 -9.15248887563 -10.6576689376
-0.234814273054 -9.37291090977 -10.7307597901
-0.545252210726 -9.6100598093 -10.7803061923
-0.842221454421 -9.87107025613 -10.7833978878
-1.13975750895 -10.1211408573 -10.7794738128
-1.45916532729 -10.3389864786 -10.7893434561
-1.79732943163 -10.5538593156 -10.7915234977
-2.09556309951 -10.8032560858 -10.7966763236
-2.39912399655 -11.0607388289 -10.7945755562
-2.67994904055 -11.3122760035 -10.8050793934
-2.99026806686 -11.571542417 -10.8389294954
-3.28137894396 -11.8432152495 -10.8314777165
-3.59550709767 -12.0911058091 -10.8278707384
-3.89396273343 -12.3484696408 -10.8015516895
-4.19792792912 -12.5795936977 -10.7800287324
-4.53833153084 -12.7983906099 -10.7329398318
-4.86831056955 -13.0087448151 -10.6914397653
-5.17621173143 -13.247954845 -10.7005166662
-5.48502454711 -13.4760664807 -10.7162526036
-5.78416590507 -13.7392569693 -10.7185911938
-6.09539658518 -13.9719665112 -10.6870004077
-6.39457758027 -14.2129205744 -10.6441526791
-6.70164636259 -14.439327814 -10.5598841582
-6.98215827333 -14.6962556372 -10.4255143154
-7.26100542496 -14.9132292417 -10.2570565479
-7.5391787455 -15.1417768858 -10.1008862881
-7.80542129241 -15.4024702357 -9.96243382182
-8.07804541591 -15.6806435563 -9.84594032092
-8.33992787942 -15.9448646099 -9.74684751653
-8.61929031363 -16.2148330463 -9.66039895395
-8.88791108784 -16.4872193471 -9.52036100275
-9.14856480058 -16.7487847136 -9.3786186553
-9.43078110755 -16.9946141428 -9.25395990735
-9.697856034 -17.2877702954 -9.16434037503
-9.96397966952 -17.5670930925 -9.06033256752
-10.2303014906 -17.849507585 -8.96452964422
-10.5071667862 -18.1037400841 -8.83681883788
-10.7863706719 -18.3327237365 -8.67941982735
-11.0267698154 -18.5765713095 -8.51500504626
-11.2698642833 -18.823431304 -8.33529033618
-11.5056655206 -19.0851552189 -8.15418832683
-11.7292585245 -19.3190935117 -7.93566887453
-11.9323591364 -19.5680542735 -7.68639101575
-12.1426340674 -19.8089686996 -7.46010268758
-12.3577447272 -20.0438979203 -7.23761952311
-12.549073114 -20.2795802463 -6.99143335982
-12.7402429523 -20.5256474982 -6.76823672716
-12.9097312849 -20.7984698073 -6.52605391317
-13.0902783746 -21.025273418 -6.25957354353
-13.2777619606 -21.2787924489 -6.00442939072
-13.464769901 -21.5174079219 -5.74900777807
-13.6243093162 -21.7413180228 -5.46928860976
-13.7939165602 -21.9564286826 -5.19099637784
-13.9670118709 -22.1529891695 -4.89268739943
-14.1426835947 -22.393388313 -4.62073710699
-14.3309202858 -22.6396141133 -4.37807864755
-14.5358045683 -22.8652682475 -4.15638822551
-14.7438598204 -23.1023378728 -3.92417811135
-14.9241690874 -23.3738125198 -3.71286865151
-15.1059845649 -23.6433053107 -3.48550615735
-15.2657618027 -23.9033644666 -3.24603452249
-15.4204258519 -24.1816963357 -3.01220721376
-15.5959786641 -24.4514269493 -2.78657289811
-15.757381024 -24.7384789851 -2.54413640654
-15.9126792671 -25.0457063159 -2.34587152347
-16.0875186111 -25.3593944975 -2.19169501093
-16.232313017 -25.695477653 -2.01888112374
-16.3752841152 -26.0080559953 -1.84234134711
-16.5450102706 -26.3156004231 -1.64864662417
-16.6926585491 -26.6278220312 -1.4294493771
-16.843002152 -26.9148344299 -1.20463951358
-16.987836195 -27.2146496189 -1.0006787761
-17.1034576791 -27.5192212626 -0.779650294003
-17.2263723938 -27.7976324058 -0.532255198499
-17.3186079761 -28.0985574343 -0.283766118435
-17.3817499111 -28.3739957934 -0.0214991748459
-17.4039070621 -28.6335396668 0.278351687602
-17.4069591205 -28.8823815172 0.580239898109
-17.4469133393 -29.1106517015 0.90273148451
-17.4986794203 -29.3463736647 1.22834251239
-17.5190529009 -29.5846324035 1.56148459341
-17.538950736 -29.7982764899 1.89603775597
-17.5657850675 -29.9980475836 2.26014435651
-17.5911131882 -30.1468849758 2.62151599565
-17.6142216303 -30.3056712856 2.99055741786
-17.6303935759 -30.4787665963 3.33806002809
-17.6825956653 -30.6354125016 3.69712478674
-17.6757780803 -30.750122332 4.07683652213
-17.7014232981 -30.925239136 4.42635666186
-17.727108153 -31.1194610326 4.76925740225
-17.7665867263 -31.335404072 5.09919680384
-17.8412630637 -31.5453222689 5.43115769863
-17.9064264919 -31.7838981048 5.7514256425
-17.9426151841 -32.0418564932 6.05092373456
-17.9849476301 -32.2740507525 6.36778288596
-18.0139620033 -32.5358935789 6.66490275072
-18.0314419739 -32.7991633417 6.9589705571
-18.053916222 -33.0739278698 7.24701352097
-18.0957333854 -33.355589257 7.51939982174
-18.1444474081 -33.6429980269 7.79650294001
-18.1235982821 -33.9539908844 8.04288728891
-18.1501551536 -34.2163093562 8.33473541648
-18.1448437793 -34.513112124 8.61255200294
-18.1394927679 -34.806743922 8.88925874998
-18.0951784658 -35.0793284084 9.17785663355
-18.0555017069 -35.3212337625 9.47414411876
-18.0111081305 -35.5781219487 9.77150180625
-17.952048819 -35.8460292547 10.0461870601
-17.8906905545 -36.1134609153 10.329354658
-17.837774997 -36.3688032537 10.6189038325
-17.8113766739 -36.638454593 10.8980680811
-17.7556072436 -36.9330773192 11.1625269575
-17.7003134587 -37.2142234239 11.4445450789
-17.6309484956 -37.518002325 11.6869657156
-17.6022512195 -37.8169058603 11.9526137057
-17.5562721582 -38.1182668971 12.1892869597
-17.4939626028 -38.451258357 12.4172796841
-17.3896773354 -38.7554732666 12.6413483335
-17.272034358 -39.0813300446 12.8578066554
-17.1690967528 -39.4007656089 13.0927755133
-17.0447154647 -39.6886500243 13.3151397664
-16.929252529 -39.9998014302 13.5398029725
-16.8061396288 -40.2693338582 13.7886844601
-16.6677267996 -40.5253896648 14.0456519205
-16.5475074093 -40.8091914566 14.2895787678
-16.428278947 -41.1036952713 14.5191569772
-16.3151149644 -41.3938390027 14.7619739851
-16.1871266982 -41.696666613 14.9867164655
-16.050378628 -41.9828466322 15.2080501534
-15.8759356552 -42.2888452122 15.4071474161
-15.7234912849 -42.6138696106 15.597207415
-15.5746935298 -42.940479494 15.7829469676
-15.4039368092 -43.2575764681 15.983629715
-15.2497087684 -43.5481165707 16.1922398869
-15.0676951052 -43.8406385294 16.3985114685
-14.8812024473 -44.138709685 16.5782261786
-14.7280446088 -44.435591727 16.8086367675
-14.5793657651 -44.7467431329 17.017445125
-14.4288636138 -45.0206356443 17.2361627629
-14.2595338295 -45.2866007314 17.4870261065
-14.0501705524 -45.5382964546 17.7122838695
-13.8290350501 -45.8113962235 17.8900167234
-13.5823732413 -46.0856851061 18.068899054
-13.3333728424 -46.3302461474 18.2249900396
-13.0775944957 -46.5799600146 18.3829836069
-12.8597092373 -46.8427541319 18.5707842898
-12.6430527297 -47.1150611584 18.7749551041
-12.4392782867 -47.40203392 18.9776593448
-12.2292411784 -47.6802865148 19.1803635855
-11.9894762289 -47.9272257834 19.3667769691
-11.7454701073 -48.1880380446 19.5366220359
-11.4833498211 -48.4765962911 19.6696045794
-11.2626106899 -48.7544525146 19.8405594856
-11.017177632 -49.0160575183 20.0197985502
-10.7637775125 -49.2562584762 20.194201886
-10.5066118665 -49.4829828128 20.3869968462
-10.2729906708 -49.7350749072 20.5544240486
